#Table: J/A+A/552/A124/tablee7.dat (cdsarc.u-strasbg.fr)
#---------------------------------------------------------------------------
#    l|      |      |      |      |      |      |      |      |      |
#ambda|  Tr00|  Tr23|  Tr47|  Tr70|  Tr93| Tr117| Tr140| Tr163| Tr186| Tr210
#-----|------|------|------|------|------|------|------|------|------|------
 6600|0.0005|0.0005|0.0005|0.0006|0.0006|0.0007|0.0010|0.0009|0.0008|0.0009
 6605|0.0009|0.0009|0.0009|0.0010|0.0010|0.0012|0.0018|0.0017|0.0014|0.0016
 6610|0.0010|0.0010|0.0010|0.0012|0.0012|0.0014|0.0021|0.0019|0.0016|0.0019
 6615|0.0011|0.0011|0.0011|0.0013|0.0013|0.0015|0.0023|0.0021|0.0018|0.0020
 6620|0.0012|0.0012|0.0012|0.0014|0.0014|0.0016|0.0026|0.0024|0.0020|0.0023
 6625|0.0013|0.0013|0.0013|0.0016|0.0015|0.0018|0.0030|0.0027|0.0022|0.0025
 6630|0.0014|0.0014|0.0014|0.0017|0.0017|0.0020|0.0033|0.0030|0.0024|0.0029
 6635|0.0016|0.0015|0.0015|0.0019|0.0019|0.0023|0.0038|0.0034|0.0027|0.0032
 6640|0.0017|0.0017|0.0017|0.0022|0.0021|0.0025|0.0043|0.0038|0.0030|0.0036
 6645|0.0019|0.0019|0.0019|0.0024|0.0023|0.0028|0.0049|0.0043|0.0034|0.0041
 6650|0.0021|0.0021|0.0021|0.0027|0.0026|0.0032|0.0056|0.0049|0.0038|0.0047
 6655|0.0024|0.0024|0.0023|0.0031|0.0029|0.0036|0.0065|0.0057|0.0043|0.0053
 6660|0.0027|0.0027|0.0026|0.0035|0.0033|0.0041|0.0074|0.0065|0.0049|0.0061
 6665|0.0030|0.0030|0.0030|0.0040|0.0037|0.0046|0.0085|0.0075|0.0056|0.0070
 6670|0.0034|0.0033|0.0034|0.0045|0.0043|0.0053|0.0098|0.0086|0.0065|0.0081
 6675|0.0039|0.0038|0.0038|0.0051|0.0048|0.0061|0.0113|0.0099|0.0074|0.0093
 6680|0.0045|0.0043|0.0043|0.0059|0.0055|0.0070|0.0130|0.0114|0.0085|0.0107
 6685|0.0051|0.0049|0.0049|0.0067|0.0064|0.0080|0.0149|0.0131|0.0098|0.0123
 6690|0.0058|0.0056|0.0057|0.0077|0.0073|0.0092|0.0170|0.0150|0.0113|0.0142
 6695|0.0067|0.0065|0.0065|0.0089|0.0084|0.0106|0.0194|0.0172|0.0130|0.0163
 6700|0.0077|0.0075|0.0074|0.0102|0.0097|0.0122|0.0221|0.0196|0.0149|0.0186
 6705|0.0088|0.0086|0.0085|0.0117|0.0111|0.0140|0.0251|0.0223|0.0171|0.0212
 6710|0.0101|0.0098|0.0097|0.0134|0.0127|0.0160|0.0284|0.0253|0.0196|0.0241
 6715|0.0116|0.0113|0.0112|0.0153|0.0146|0.0182|0.0320|0.0287|0.0223|0.0273
 6720|0.0132|0.0129|0.0128|0.0174|0.0166|0.0207|0.0360|0.0323|0.0253|0.0308
 6725|0.0151|0.0147|0.0146|0.0198|0.0189|0.0235|0.0405|0.0363|0.0286|0.0347
 6730|0.0172|0.0167|0.0166|0.0224|0.0215|0.0266|0.0454|0.0408|0.0323|0.0390
 6735|0.0195|0.0190|0.0189|0.0254|0.0244|0.0300|0.0509|0.0458|0.0364|0.0437
 6740|0.0221|0.0215|0.0215|0.0286|0.0275|0.0338|0.0572|0.0513|0.0409|0.0490
 6745|0.0249|0.0244|0.0243|0.0322|0.0310|0.0379|0.0642|0.0575|0.0458|0.0549
 6750|0.0281|0.0275|0.0274|0.0362|0.0348|0.0426|0.0722|0.0645|0.0513|0.0615
 6755|0.0316|0.0309|0.0308|0.0407|0.0391|0.0477|0.0812|0.0725|0.0574|0.0690
 6760|0.0355|0.0348|0.0346|0.0457|0.0439|0.0536|0.0916|0.0815|0.0643|0.0775
 6765|0.0399|0.0391|0.0389|0.0513|0.0492|0.0602|0.1035|0.0919|0.0722|0.0872
 6770|0.0449|0.0439|0.0437|0.0577|0.0553|0.0676|0.1170|0.1037|0.0811|0.0983
 6775|0.0504|0.0493|0.0491|0.0650|0.0621|0.0761|0.1323|0.1171|0.0912|0.1109
 6780|0.0567|0.0554|0.0552|0.0732|0.0699|0.0858|0.1495|0.1324|0.1028|0.1253
 6785|0.0639|0.0624|0.0622|0.0828|0.0789|0.0969|0.1689|0.1496|0.1161|0.1416
 6790|0.0722|0.0705|0.0702|0.0937|0.0891|0.1097|0.1902|0.1689|0.1311|0.1600
 6795|0.0817|0.0797|0.0794|0.1062|0.1009|0.1242|0.2133|0.1902|0.1482|0.1804
 6800|0.0925|0.0903|0.0899|0.1204|0.1143|0.1406|0.2379|0.2133|0.1672|0.2027
 6805|0.1049|0.1023|0.1018|0.1364|0.1295|0.1590|0.2634|0.2379|0.1882|0.2267
 6810|0.1189|0.1160|0.1154|0.1544|0.1465|0.1792|0.2891|0.2634|0.2110|0.2519
 6815|0.1348|0.1315|0.1308|0.1743|0.1655|0.2013|0.3145|0.2892|0.2354|0.2777
 6820|0.1527|0.1489|0.1482|0.1960|0.1865|0.2250|0.3388|0.3147|0.2609|0.3036
 6825|0.1724|0.1682|0.1675|0.2193|0.2092|0.2498|0.3614|0.3392|0.2869|0.3288
 6830|0.1940|0.1894|0.1886|0.2438|0.2333|0.2752|0.3818|0.3620|0.3126|0.3526
 6835|0.2171|0.2122|0.2114|0.2689|0.2583|0.3005|0.3997|0.3826|0.3374|0.3743
 6840|0.2414|0.2362|0.2355|0.2940|0.2837|0.3251|0.4149|0.4006|0.3605|0.3935
 6845|0.2663|0.2610|0.2603|0.3184|0.3087|0.3483|0.4275|0.4158|0.3815|0.4100
 6850|0.2912|0.2859|0.2853|0.3415|0.3327|0.3695|0.4378|0.4284|0.3998|0.4238
 6855|0.3151|0.3100|0.3094|0.3623|0.3545|0.3879|0.4455|0.4381|0.4149|0.4346
 6860|0.3289|0.3242|0.3238|0.3711|0.3647|0.3935|0.4402|0.4346|0.4166|0.4320
 6865|0.3219|0.3179|0.3177|0.3568|0.3519|0.3750|0.4105|0.4065|0.3934|0.4047
 6870|0.3129|0.3096|0.3095|0.3409|0.3374|0.3554|0.3820|0.3791|0.3698|0.3779
 6875|0.3239|0.3210|0.3211|0.3475|0.3450|0.3598|0.3811|0.3789|0.3718|0.3780
 6880|0.3425|0.3399|0.3400|0.3628|0.3610|0.3734|0.3912|0.3895|0.3838|0.3888
 6885|0.3556|0.3533|0.3536|0.3727|0.3715|0.3819|0.3967|0.3953|0.3908|0.3948
 6890|0.3649|0.3629|0.3633|0.3791|0.3783|0.3869|0.3993|0.3982|0.3945|0.3979
 6895|0.3725|0.3708|0.3713|0.3844|0.3839|0.3910|0.4015|0.4007|0.3977|0.4006
 6900|0.3835|0.3820|0.3825|0.3935|0.3931|0.3993|0.4083|0.4077|0.4052|0.4077
 6905|0.4030|0.4016|0.4022|0.4117|0.4115|0.4169|0.4250|0.4245|0.4224|0.4247
 6910|0.4229|0.4216|0.4222|0.4305|0.4305|0.4353|0.4425|0.4422|0.4405|0.4426
 6915|0.4347|0.4335|0.4341|0.4413|0.4413|0.4455|0.4520|0.4517|0.4504|0.4523
 6920|0.4416|0.4404|0.4410|0.4472|0.4473|0.4510|0.4566|0.4564|0.4555|0.4572
 6925|0.4463|0.4451|0.4458|0.4511|0.4512|0.4545|0.4593|0.4592|0.4586|0.4600
 6930|0.4494|0.4483|0.4490|0.4535|0.4537|0.4566|0.4606|0.4606|0.4604|0.4615
 6935|0.4513|0.4503|0.4510|0.4548|0.4551|0.4575|0.4610|0.4610|0.4610|0.4618
 6940|0.4533|0.4524|0.4531|0.4564|0.4566|0.4587|0.4617|0.4617|0.4619|0.4625
 6945|0.4568|0.4559|0.4566|0.4594|0.4596|0.4614|0.4641|0.4640|0.4644|0.4647
 6950|0.4598|0.4590|0.4597|0.4620|0.4622|0.4638|0.4662|0.4660|0.4664|0.4666
 6955|0.4607|0.4599|0.4605|0.4624|0.4627|0.4641|0.4663|0.4660|0.4663|0.4665
 6960|0.4620|0.4612|0.4618|0.4635|0.4637|0.4649|0.4671|0.4667|0.4669|0.4670
 6965|0.4667|0.4659|0.4665|0.4680|0.4681|0.4693|0.4716|0.4709|0.4709|0.4710
 6970|0.4715|0.4708|0.4714|0.4727|0.4728|0.4739|0.4763|0.4755|0.4753|0.4754
 6975|0.4734|0.4726|0.4732|0.4745|0.4745|0.4755|0.4782|0.4772|0.4767|0.4768
 6980|0.4730|0.4723|0.4728|0.4741|0.4740|0.4750|0.4778|0.4767|0.4759|0.4761
 6985|0.4709|0.4703|0.4708|0.4720|0.4719|0.4729|0.4758|0.4746|0.4736|0.4739
 6990|0.4689|0.4683|0.4688|0.4701|0.4699|0.4709|0.4738|0.4726|0.4715|0.4717
 6995|0.4686|0.4680|0.4684|0.4698|0.4695|0.4706|0.4735|0.4723|0.4710|0.4713
 7000|0.4693|0.4687|0.4691|0.4705|0.4702|0.4713|0.4741|0.4729|0.4716|0.4719
 7005|0.4703|0.4697|0.4701|0.4716|0.4712|0.4724|0.4750|0.4739|0.4725|0.4728
 7010|0.4712|0.4704|0.4709|0.4724|0.4720|0.4732|0.4756|0.4745|0.4732|0.4735
 7015|0.4712|0.4705|0.4710|0.4724|0.4721|0.4732|0.4754|0.4744|0.4731|0.4735
 7020|0.4713|0.4706|0.4711|0.4725|0.4722|0.4732|0.4751|0.4742|0.4731|0.4733
 7025|0.4721|0.4714|0.4719|0.4732|0.4730|0.4739|0.4754|0.4747|0.4738|0.4739
 7030|0.4734|0.4728|0.4733|0.4745|0.4743|0.4751|0.4762|0.4756|0.4749|0.4750
 7035|0.4751|0.4744|0.4749|0.4760|0.4758|0.4765|0.4773|0.4768|0.4763|0.4763
 7040|0.4767|0.4760|0.4765|0.4774|0.4773|0.4778|0.4782|0.4779|0.4776|0.4775
 7045|0.4777|0.4770|0.4776|0.4782|0.4783|0.4787|0.4786|0.4784|0.4784|0.4782
 7050|0.4783|0.4776|0.4782|0.4786|0.4787|0.4790|0.4786|0.4785|0.4787|0.4784
 7055|0.4782|0.4776|0.4781|0.4783|0.4784|0.4786|0.4780|0.4780|0.4784|0.4779
 7060|0.4781|0.4775|0.4780|0.4780|0.4782|0.4783|0.4774|0.4775|0.4780|0.4775
 7065|0.4785|0.4780|0.4784|0.4782|0.4784|0.4784|0.4775|0.4776|0.4782|0.4777
 7070|0.4787|0.4783|0.4787|0.4784|0.4786|0.4785|0.4776|0.4777|0.4784|0.4778
 7075|0.4782|0.4778|0.4783|0.4778|0.4781|0.4779|0.4770|0.4771|0.4778|0.4772
 7080|0.4776|0.4773|0.4777|0.4771|0.4774|0.4772|0.4765|0.4765|0.4772|0.4765
 7085|0.4775|0.4772|0.4777|0.4770|0.4773|0.4771|0.4767|0.4765|0.4772|0.4765
 7090|0.4775|0.4772|0.4777|0.4770|0.4773|0.4771|0.4770|0.4767|0.4772|0.4766
 7095|0.4771|0.4767|0.4773|0.4766|0.4769|0.4768|0.4769|0.4766|0.4769|0.4764
 7100|0.4765|0.4761|0.4767|0.4761|0.4763|0.4763|0.4767|0.4763|0.4764|0.4760
 7105|0.4760|0.4755|0.4761|0.4757|0.4759|0.4759|0.4767|0.4761|0.4761|0.4758
 7110|0.4757|0.4751|0.4757|0.4755|0.4756|0.4757|0.4768|0.4762|0.4760|0.4757
 7115|0.4755|0.4749|0.4755|0.4754|0.4756|0.4758|0.4771|0.4764|0.4761|0.4758
 7120|0.4754|0.4748|0.4754|0.4754|0.4755|0.4759|0.4774|0.4766|0.4762|0.4760
 7125|0.4751|0.4746|0.4751|0.4753|0.4754|0.4758|0.4775|0.4767|0.4761|0.4760
 7130|0.4747|0.4743|0.4748|0.4751|0.4751|0.4756|0.4773|0.4765|0.4759|0.4758
 7135|0.4744|0.4740|0.4744|0.4750|0.4748|0.4754|0.4771|0.4763|0.4757|0.4755
 7140|0.4738|0.4733|0.4738|0.4745|0.4743|0.4750|0.4765|0.4758|0.4752|0.4748
 7145|0.4726|0.4721|0.4725|0.4733|0.4732|0.4738|0.4752|0.4745|0.4740|0.4735
 7150|0.4715|0.4710|0.4715|0.4723|0.4722|0.4728|0.4740|0.4733|0.4729|0.4723
 7155|0.4713|0.4708|0.4712|0.4720|0.4719|0.4725|0.4734|0.4728|0.4726|0.4719
 7160|0.4685|0.4680|0.4684|0.4691|0.4692|0.4697|0.4702|0.4697|0.4696|0.4688
 7165|0.4596|0.4591|0.4595|0.4601|0.4602|0.4607|0.4608|0.4604|0.4604|0.4596
 7170|0.4495|0.4490|0.4494|0.4499|0.4500|0.4503|0.4501|0.4498|0.4500|0.4491
 7175|0.4428|0.4423|0.4427|0.4431|0.4432|0.4434|0.4428|0.4427|0.4431|0.4420
 7180|0.4362|0.4358|0.4362|0.4364|0.4366|0.4366|0.4358|0.4357|0.4362|0.4350
 7185|0.4266|0.4262|0.4267|0.4267|0.4269|0.4268|0.4258|0.4257|0.4264|0.4251
 7190|0.4189|0.4185|0.4190|0.4189|0.4191|0.4188|0.4176|0.4176|0.4184|0.4170
 7195|0.4185|0.4181|0.4185|0.4183|0.4186|0.4182|0.4168|0.4168|0.4177|0.4163
 7200|0.4235|0.4232|0.4236|0.4232|0.4235|0.4231|0.4216|0.4216|0.4225|0.4211
 7205|0.4330|0.4327|0.4331|0.4326|0.4329|0.4324|0.4308|0.4308|0.4318|0.4303
 7210|0.4440|0.4437|0.4441|0.4435|0.4438|0.4433|0.4416|0.4416|0.4426|0.4411
 7215|0.4538|0.4535|0.4539|0.4532|0.4535|0.4529|0.4513|0.4512|0.4523|0.4507
 7220|0.4589|0.4586|0.4591|0.4583|0.4586|0.4580|0.4564|0.4563|0.4573|0.4558
 7225|0.4555|0.4552|0.4556|0.4548|0.4550|0.4545|0.4531|0.4530|0.4539|0.4525
 7230|0.4474|0.4471|0.4476|0.4467|0.4469|0.4464|0.4453|0.4450|0.4458|0.4446
 7235|0.4380|0.4377|0.4382|0.4373|0.4376|0.4371|0.4363|0.4359|0.4366|0.4355
 7240|0.4326|0.4323|0.4327|0.4319|0.4321|0.4317|0.4311|0.4307|0.4312|0.4304
 7245|0.4364|0.4362|0.4366|0.4358|0.4360|0.4357|0.4353|0.4349|0.4353|0.4345
 7250|0.4413|0.4410|0.4414|0.4407|0.4409|0.4407|0.4405|0.4401|0.4404|0.4398
 7255|0.4392|0.4389|0.4393|0.4387|0.4388|0.4387|0.4387|0.4383|0.4385|0.4380
 7260|0.4350|0.4347|0.4351|0.4347|0.4347|0.4347|0.4349|0.4345|0.4347|0.4343
 7265|0.4337|0.4334|0.4338|0.4334|0.4334|0.4335|0.4339|0.4336|0.4336|0.4334
 7270|0.4327|0.4324|0.4328|0.4325|0.4326|0.4327|0.4333|0.4329|0.4329|0.4328
 7275|0.4298|0.4295|0.4298|0.4297|0.4297|0.4299|0.4306|0.4303|0.4301|0.4301
 7280|0.4279|0.4276|0.4279|0.4279|0.4280|0.4282|0.4290|0.4287|0.4285|0.4286
 7285|0.4307|0.4304|0.4306|0.4307|0.4307|0.4310|0.4319|0.4316|0.4315|0.4316
 7290|0.4355|0.4351|0.4354|0.4356|0.4356|0.4360|0.4369|0.4366|0.4365|0.4366
 7295|0.4401|0.4398|0.4401|0.4403|0.4403|0.4407|0.4417|0.4414|0.4413|0.4415
 7300|0.4431|0.4428|0.4431|0.4433|0.4434|0.4438|0.4448|0.4445|0.4445|0.4446
 7305|0.4428|0.4425|0.4428|0.4431|0.4431|0.4436|0.4445|0.4442|0.4443|0.4444
 7310|0.4422|0.4418|0.4422|0.4424|0.4425|0.4430|0.4439|0.4436|0.4437|0.4438
 7315|0.4440|0.4436|0.4440|0.4443|0.4443|0.4448|0.4457|0.4454|0.4456|0.4456
 7320|0.4471|0.4467|0.4471|0.4474|0.4474|0.4479|0.4487|0.4485|0.4487|0.4486
 7325|0.4503|0.4499|0.4503|0.4507|0.4507|0.4512|0.4520|0.4517|0.4521|0.4518
 7330|0.4536|0.4532|0.4536|0.4540|0.4540|0.4544|0.4553|0.4549|0.4554|0.4550
 7335|0.4567|0.4564|0.4568|0.4572|0.4571|0.4576|0.4584|0.4580|0.4585|0.4581
 7340|0.4587|0.4584|0.4587|0.4591|0.4591|0.4595|0.4604|0.4599|0.4603|0.4599
 7345|0.4581|0.4578|0.4581|0.4585|0.4585|0.4590|0.4598|0.4594|0.4596|0.4592
 7350|0.4569|0.4566|0.4570|0.4574|0.4573|0.4578|0.4587|0.4582|0.4584|0.4579
 7355|0.4569|0.4566|0.4570|0.4574|0.4573|0.4578|0.4588|0.4582|0.4583|0.4578
 7360|0.4570|0.4568|0.4571|0.4575|0.4575|0.4580|0.4590|0.4584|0.4584|0.4578
 7365|0.4563|0.4561|0.4564|0.4569|0.4568|0.4573|0.4583|0.4577|0.4576|0.4570
 7370|0.4559|0.4556|0.4560|0.4565|0.4564|0.4569|0.4580|0.4573|0.4572|0.4565
 7375|0.4570|0.4566|0.4570|0.4575|0.4574|0.4579|0.4590|0.4583|0.4581|0.4574
 7380|0.4585|0.4581|0.4585|0.4590|0.4589|0.4594|0.4605|0.4598|0.4596|0.4588
 7385|0.4596|0.4592|0.4595|0.4601|0.4600|0.4605|0.4615|0.4609|0.4606|0.4597
 7390|0.4601|0.4598|0.4600|0.4607|0.4606|0.4610|0.4619|0.4614|0.4611|0.4602
 7395|0.4601|0.4597|0.4600|0.4606|0.4605|0.4610|0.4617|0.4612|0.4610|0.4600
 7400|0.4599|0.4595|0.4598|0.4604|0.4603|0.4607|0.4613|0.4608|0.4607|0.4596
 7405|0.4599|0.4596|0.4598|0.4604|0.4604|0.4607|0.4611|0.4606|0.4606|0.4595
 7410|0.4600|0.4597|0.4599|0.4605|0.4604|0.4607|0.4609|0.4605|0.4606|0.4594
 7415|0.4599|0.4596|0.4598|0.4603|0.4603|0.4605|0.4604|0.4601|0.4603|0.4591
 7420|0.4596|0.4593|0.4596|0.4600|0.4600|0.4601|0.4597|0.4595|0.4598|0.4586
 7425|0.4593|0.4590|0.4592|0.4596|0.4596|0.4596|0.4589|0.4588|0.4593|0.4580
 7430|0.4589|0.4586|0.4588|0.4591|0.4591|0.4591|0.4580|0.4581|0.4587|0.4573
 7435|0.4584|0.4582|0.4584|0.4586|0.4586|0.4585|0.4571|0.4573|0.4582|0.4566
 7440|0.4580|0.4578|0.4580|0.4580|0.4581|0.4579|0.4561|0.4564|0.4575|0.4559
 7445|0.4575|0.4573|0.4576|0.4573|0.4575|0.4572|0.4551|0.4555|0.4569|0.4551
 7450|0.4569|0.4567|0.4570|0.4565|0.4568|0.4564|0.4540|0.4545|0.4560|0.4543
 7455|0.4561|0.4560|0.4562|0.4556|0.4559|0.4553|0.4528|0.4534|0.4551|0.4533
 7460|0.4552|0.4551|0.4553|0.4544|0.4548|0.4542|0.4515|0.4522|0.4540|0.4522
 7465|0.4541|0.4540|0.4542|0.4533|0.4537|0.4530|0.4502|0.4509|0.4529|0.4511
 7470|0.4529|0.4529|0.4531|0.4520|0.4525|0.4517|0.4490|0.4496|0.4517|0.4499
 7475|0.4518|0.4518|0.4520|0.4507|0.4513|0.4504|0.4478|0.4484|0.4504|0.4487
 7480|0.4505|0.4505|0.4508|0.4494|0.4501|0.4491|0.4466|0.4472|0.4492|0.4475
 7485|0.4492|0.4493|0.4495|0.4481|0.4488|0.4478|0.4455|0.4460|0.4479|0.4464
 7490|0.4480|0.4479|0.4482|0.4467|0.4474|0.4465|0.4445|0.4448|0.4467|0.4452
 7495|0.4467|0.4466|0.4469|0.4455|0.4461|0.4453|0.4436|0.4438|0.4455|0.4442
 7500|0.4454|0.4453|0.4456|0.4442|0.4448|0.4441|0.4428|0.4428|0.4444|0.4433
 7505|0.4441|0.4441|0.4444|0.4430|0.4436|0.4430|0.4420|0.4420|0.4433|0.4424
 7510|0.4429|0.4429|0.4431|0.4419|0.4424|0.4419|0.4414|0.4412|0.4423|0.4415
 7515|0.4418|0.4417|0.4420|0.4409|0.4413|0.4410|0.4409|0.4406|0.4414|0.4408
 7520|0.4407|0.4407|0.4409|0.4400|0.4404|0.4402|0.4406|0.4401|0.4406|0.4403
 7525|0.4397|0.4397|0.4398|0.4392|0.4395|0.4394|0.4402|0.4397|0.4399|0.4397
 7530|0.4387|0.4387|0.4388|0.4384|0.4386|0.4387|0.4399|0.4393|0.4393|0.4393
 7535|0.4379|0.4378|0.4379|0.4378|0.4379|0.4381|0.4397|0.4390|0.4387|0.4389
 7540|0.4371|0.4371|0.4371|0.4372|0.4373|0.4376|0.4395|0.4388|0.4383|0.4385
 7545|0.4364|0.4363|0.4364|0.4367|0.4367|0.4371|0.4394|0.4386|0.4379|0.4382
 7550|0.4358|0.4356|0.4357|0.4362|0.4361|0.4368|0.4393|0.4385|0.4375|0.4379
 7555|0.4352|0.4350|0.4351|0.4358|0.4356|0.4365|0.4391|0.4383|0.4372|0.4376
 7560|0.4346|0.4344|0.4345|0.4354|0.4352|0.4362|0.4389|0.4380|0.4369|0.4373
 7565|0.4342|0.4339|0.4340|0.4351|0.4348|0.4359|0.4388|0.4378|0.4366|0.4371
 7570|0.4337|0.4335|0.4335|0.4348|0.4345|0.4356|0.4385|0.4376|0.4363|0.4368
 7575|0.4333|0.4330|0.4331|0.4345|0.4342|0.4353|0.4382|0.4372|0.4360|0.4364
 7580|0.4315|0.4311|0.4313|0.4327|0.4325|0.4335|0.4363|0.4354|0.4342|0.4345
 7585|0.4253|0.4249|0.4251|0.4266|0.4263|0.4274|0.4299|0.4290|0.4279|0.4281
 7590|0.3882|0.3879|0.3880|0.3894|0.3892|0.3901|0.3923|0.3915|0.3906|0.3906
 7595|0.2903|0.2901|0.2902|0.2912|0.2911|0.2918|0.2933|0.2927|0.2921|0.2920
 7600|0.1901|0.1900|0.1901|0.1907|0.1906|0.1910|0.1919|0.1916|0.1912|0.1911
 7605|0.1469|0.1468|0.1468|0.1473|0.1473|0.1476|0.1481|0.1479|0.1477|0.1475
 7610|0.1566|0.1566|0.1566|0.1571|0.1570|0.1573|0.1578|0.1575|0.1574|0.1571
 7615|0.2204|0.2203|0.2203|0.2209|0.2209|0.2212|0.2218|0.2214|0.2213|0.2209
 7620|0.2756|0.2755|0.2755|0.2762|0.2762|0.2766|0.2771|0.2767|0.2766|0.2760
 7625|0.2607|0.2607|0.2606|0.2613|0.2612|0.2615|0.2619|0.2615|0.2615|0.2609
 7630|0.2278|0.2278|0.2277|0.2282|0.2282|0.2284|0.2286|0.2283|0.2283|0.2277
 7635|0.2275|0.2275|0.2275|0.2279|0.2279|0.2281|0.2281|0.2278|0.2280|0.2273
 7640|0.2470|0.2470|0.2470|0.2473|0.2473|0.2474|0.2473|0.2470|0.2473|0.2464
 7645|0.2741|0.2741|0.2741|0.2744|0.2744|0.2745|0.2742|0.2739|0.2742|0.2733
 7650|0.3002|0.3003|0.3002|0.3005|0.3005|0.3005|0.3001|0.2998|0.3002|0.2991
 7655|0.3176|0.3176|0.3176|0.3178|0.3178|0.3178|0.3172|0.3169|0.3173|0.3161
 7660|0.3337|0.3337|0.3337|0.3338|0.3339|0.3337|0.3330|0.3327|0.3332|0.3320
 7665|0.3559|0.3559|0.3559|0.3559|0.3560|0.3558|0.3550|0.3547|0.3552|0.3539
 7670|0.3779|0.3780|0.3779|0.3778|0.3780|0.3777|0.3767|0.3764|0.3771|0.3756
 7675|0.3931|0.3932|0.3931|0.3929|0.3931|0.3927|0.3916|0.3914|0.3921|0.3906
 7680|0.4031|0.4032|0.4032|0.4029|0.4031|0.4026|0.4013|0.4012|0.4020|0.4005
 7685|0.4091|0.4092|0.4092|0.4088|0.4090|0.4085|0.4071|0.4070|0.4079|0.4064
 7690|0.4128|0.4129|0.4129|0.4124|0.4126|0.4121|0.4106|0.4106|0.4115|0.4101
 7695|0.4154|0.4155|0.4155|0.4149|0.4152|0.4146|0.4130|0.4131|0.4140|0.4127
 7700|0.4172|0.4174|0.4173|0.4166|0.4170|0.4163|0.4146|0.4148|0.4158|0.4145
 7705|0.4184|0.4186|0.4185|0.4177|0.4181|0.4174|0.4156|0.4159|0.4170|0.4158
 7710|0.4189|0.4192|0.4190|0.4182|0.4185|0.4178|0.4160|0.4164|0.4176|0.4164
 7715|0.4187|0.4190|0.4188|0.4179|0.4182|0.4175|0.4157|0.4161|0.4174|0.4163
 7720|0.4180|0.4183|0.4181|0.4171|0.4175|0.4168|0.4149|0.4154|0.4168|0.4158
 7725|0.4171|0.4174|0.4172|0.4162|0.4166|0.4158|0.4139|0.4144|0.4159|0.4150
 7730|0.4161|0.4164|0.4162|0.4151|0.4155|0.4148|0.4128|0.4134|0.4150|0.4142
 7735|0.4150|0.4154|0.4151|0.4140|0.4145|0.4137|0.4116|0.4123|0.4141|0.4132
 7740|0.4140|0.4143|0.4141|0.4128|0.4134|0.4126|0.4104|0.4112|0.4132|0.4123
 7745|0.4129|0.4133|0.4131|0.4117|0.4123|0.4115|0.4094|0.4103|0.4123|0.4115
 7750|0.4119|0.4123|0.4120|0.4106|0.4113|0.4105|0.4084|0.4093|0.4114|0.4106
 7755|0.4106|0.4111|0.4108|0.4094|0.4100|0.4093|0.4072|0.4082|0.4104|0.4096
 7760|0.4094|0.4098|0.4095|0.4081|0.4087|0.4080|0.4061|0.4070|0.4093|0.4085
 7765|0.4081|0.4086|0.4083|0.4068|0.4075|0.4068|0.4050|0.4059|0.4082|0.4075
 7770|0.4069|0.4074|0.4070|0.4056|0.4063|0.4056|0.4040|0.4048|0.4071|0.4064
 7775|0.4055|0.4060|0.4057|0.4043|0.4050|0.4044|0.4029|0.4037|0.4060|0.4053
 7780|0.4042|0.4047|0.4044|0.4030|0.4037|0.4031|0.4019|0.4026|0.4049|0.4042
 7785|0.4028|0.4032|0.4030|0.4016|0.4024|0.4019|0.4009|0.4016|0.4037|0.4030
 7790|0.4014|0.4018|0.4016|0.4003|0.4011|0.4007|0.4000|0.4005|0.4026|0.4019
 7795|0.4001|0.4005|0.4003|0.3991|0.3999|0.3995|0.3992|0.3996|0.4014|0.4009
 7800|0.3988|0.3992|0.3990|0.3980|0.3987|0.3984|0.3984|0.3986|0.4003|0.3998
 7805|0.3974|0.3978|0.3975|0.3967|0.3973|0.3972|0.3976|0.3976|0.3991|0.3987
 7810|0.3960|0.3964|0.3961|0.3955|0.3960|0.3960|0.3967|0.3966|0.3978|0.3975
 7815|0.3946|0.3950|0.3947|0.3943|0.3948|0.3949|0.3959|0.3957|0.3966|0.3964
 7820|0.3934|0.3938|0.3934|0.3932|0.3936|0.3938|0.3953|0.3948|0.3955|0.3954
 7825|0.3922|0.3926|0.3922|0.3922|0.3925|0.3929|0.3946|0.3940|0.3945|0.3945
 7830|0.3911|0.3915|0.3911|0.3913|0.3915|0.3919|0.3940|0.3933|0.3936|0.3936
 7835|0.3901|0.3904|0.3900|0.3904|0.3905|0.3911|0.3934|0.3926|0.3926|0.3927
 7840|0.3891|0.3894|0.3890|0.3896|0.3897|0.3903|0.3929|0.3920|0.3918|0.3919
 7845|0.3883|0.3886|0.3882|0.3890|0.3890|0.3897|0.3925|0.3915|0.3911|0.3912
 7850|0.3876|0.3879|0.3875|0.3884|0.3884|0.3892|0.3921|0.3911|0.3905|0.3906
 7855|0.3869|0.3872|0.3868|0.3878|0.3878|0.3886|0.3917|0.3906|0.3898|0.3900
 7860|0.3860|0.3863|0.3859|0.3871|0.3870|0.3879|0.3910|0.3899|0.3890|0.3891
 7865|0.3848|0.3851|0.3846|0.3860|0.3858|0.3868|0.3899|0.3887|0.3877|0.3878
 7870|0.3836|0.3839|0.3834|0.3849|0.3846|0.3857|0.3887|0.3876|0.3865|0.3866
 7875|0.3830|0.3833|0.3828|0.3844|0.3841|0.3851|0.3881|0.3870|0.3859|0.3859
 7880|0.3825|0.3827|0.3822|0.3838|0.3835|0.3846|0.3874|0.3863|0.3853|0.3852
 7885|0.3814|0.3816|0.3811|0.3827|0.3824|0.3835|0.3861|0.3851|0.3841|0.3840
 7890|0.3801|0.3803|0.3799|0.3815|0.3812|0.3822|0.3846|0.3837|0.3827|0.3826
 7895|0.3790|0.3792|0.3788|0.3804|0.3801|0.3810|0.3833|0.3824|0.3815|0.3813
 7900|0.3782|0.3785|0.3780|0.3795|0.3793|0.3801|0.3821|0.3814|0.3806|0.3803
 7905|0.3778|0.3781|0.3776|0.3791|0.3788|0.3796|0.3814|0.3807|0.3800|0.3797
 7910|0.3777|0.3780|0.3775|0.3790|0.3787|0.3794|0.3810|0.3803|0.3798|0.3793
 7915|0.3780|0.3783|0.3778|0.3791|0.3790|0.3796|0.3809|0.3803|0.3799|0.3793
 7920|0.3780|0.3784|0.3778|0.3790|0.3789|0.3794|0.3805|0.3800|0.3797|0.3791
 7925|0.3772|0.3776|0.3770|0.3781|0.3781|0.3785|0.3793|0.3789|0.3787|0.3781
 7930|0.3766|0.3770|0.3765|0.3774|0.3774|0.3777|0.3783|0.3779|0.3779|0.3772
 7935|0.3771|0.3776|0.3770|0.3778|0.3779|0.3781|0.3785|0.3782|0.3783|0.3775
 7940|0.3776|0.3781|0.3775|0.3782|0.3783|0.3784|0.3786|0.3784|0.3786|0.3778
 7945|0.3769|0.3773|0.3768|0.3774|0.3775|0.3775|0.3775|0.3773|0.3778|0.3769
 7950|0.3750|0.3754|0.3749|0.3753|0.3755|0.3755|0.3753|0.3752|0.3758|0.3749
 7955|0.3719|0.3723|0.3719|0.3722|0.3724|0.3723|0.3721|0.3719|0.3726|0.3717
 7960|0.3693|0.3697|0.3692|0.3694|0.3697|0.3695|0.3692|0.3691|0.3699|0.3690
 7965|0.3686|0.3691|0.3686|0.3687|0.3690|0.3688|0.3685|0.3684|0.3692|0.3684
 7970|0.3687|0.3693|0.3687|0.3688|0.3691|0.3688|0.3685|0.3684|0.3692|0.3684
 7975|0.3683|0.3689|0.3683|0.3683|0.3686|0.3683|0.3679|0.3679|0.3687|0.3680
 7980|0.3676|0.3681|0.3675|0.3675|0.3678|0.3675|0.3672|0.3672|0.3680|0.3673
 7985|0.3668|0.3674|0.3668|0.3667|0.3670|0.3667|0.3664|0.3665|0.3673|0.3666
 7990|0.3658|0.3664|0.3658|0.3657|0.3660|0.3657|0.3655|0.3655|0.3664|0.3657
 7995|0.3644|0.3649|0.3644|0.3643|0.3646|0.3644|0.3642|0.3642|0.3651|0.3645
 8000|0.3626|0.3631|0.3626|0.3625|0.3628|0.3626|0.3625|0.3626|0.3634|0.3628
 8005|0.3605|0.3611|0.3605|0.3604|0.3607|0.3606|0.3605|0.3606|0.3614|0.3609
 8010|0.3589|0.3595|0.3589|0.3588|0.3592|0.3590|0.3590|0.3591|0.3599|0.3594
 8015|0.3587|0.3593|0.3587|0.3586|0.3590|0.3589|0.3589|0.3591|0.3598|0.3594
 8020|0.3587|0.3593|0.3587|0.3587|0.3590|0.3589|0.3590|0.3592|0.3599|0.3595
 8025|0.3577|0.3583|0.3577|0.3577|0.3581|0.3580|0.3581|0.3583|0.3590|0.3587
 8030|0.3565|0.3572|0.3565|0.3566|0.3570|0.3569|0.3571|0.3572|0.3580|0.3576
 8035|0.3560|0.3566|0.3559|0.3561|0.3565|0.3564|0.3566|0.3567|0.3575|0.3572
 8040|0.3555|0.3562|0.3555|0.3557|0.3561|0.3560|0.3562|0.3563|0.3571|0.3568
 8045|0.3549|0.3555|0.3548|0.3550|0.3554|0.3554|0.3556|0.3557|0.3565|0.3562
 8050|0.3543|0.3549|0.3542|0.3544|0.3548|0.3548|0.3550|0.3552|0.3560|0.3557
 8055|0.3541|0.3547|0.3540|0.3542|0.3546|0.3547|0.3548|0.3550|0.3559|0.3554
 8060|0.3538|0.3544|0.3538|0.3539|0.3544|0.3545|0.3545|0.3548|0.3557|0.3552
 8065|0.3530|0.3537|0.3530|0.3532|0.3536|0.3537|0.3537|0.3540|0.3550|0.3544
 8070|0.3521|0.3528|0.3521|0.3523|0.3527|0.3528|0.3528|0.3530|0.3541|0.3535
 8075|0.3513|0.3521|0.3514|0.3516|0.3520|0.3521|0.3520|0.3522|0.3534|0.3527
 8080|0.3505|0.3513|0.3506|0.3508|0.3512|0.3513|0.3511|0.3514|0.3525|0.3518
 8085|0.3494|0.3502|0.3495|0.3497|0.3501|0.3501|0.3499|0.3502|0.3513|0.3506
 8090|0.3480|0.3487|0.3481|0.3483|0.3487|0.3487|0.3484|0.3487|0.3499|0.3491
 8095|0.3464|0.3471|0.3464|0.3466|0.3470|0.3470|0.3466|0.3469|0.3482|0.3473
 8100|0.3446|0.3453|0.3446|0.3448|0.3453|0.3452|0.3448|0.3451|0.3463|0.3454
 8105|0.3429|0.3436|0.3429|0.3431|0.3436|0.3435|0.3430|0.3433|0.3445|0.3436
 8110|0.3410|0.3417|0.3410|0.3412|0.3417|0.3416|0.3410|0.3413|0.3425|0.3415
 8115|0.3387|0.3394|0.3388|0.3388|0.3394|0.3393|0.3386|0.3389|0.3401|0.3390
 8120|0.3361|0.3368|0.3362|0.3362|0.3367|0.3366|0.3360|0.3362|0.3374|0.3363
 8125|0.3331|0.3339|0.3332|0.3332|0.3338|0.3337|0.3330|0.3332|0.3343|0.3332
 8130|0.3293|0.3300|0.3294|0.3294|0.3299|0.3298|0.3292|0.3293|0.3304|0.3292
 8135|0.3238|0.3245|0.3239|0.3239|0.3244|0.3243|0.3237|0.3238|0.3248|0.3236
 8140|0.3178|0.3185|0.3179|0.3179|0.3184|0.3184|0.3178|0.3178|0.3187|0.3176
 8145|0.3125|0.3132|0.3125|0.3126|0.3131|0.3130|0.3125|0.3125|0.3133|0.3123
 8150|0.3083|0.3090|0.3084|0.3085|0.3090|0.3089|0.3085|0.3084|0.3091|0.3081
 8155|0.3060|0.3067|0.3061|0.3061|0.3067|0.3065|0.3062|0.3061|0.3067|0.3058
 8160|0.3035|0.3042|0.3036|0.3037|0.3042|0.3041|0.3038|0.3036|0.3042|0.3033
 8165|0.2990|0.2998|0.2991|0.2992|0.2997|0.2996|0.2995|0.2992|0.2997|0.2989
 8170|0.2947|0.2954|0.2948|0.2949|0.2954|0.2953|0.2952|0.2949|0.2953|0.2946
 8175|0.2927|0.2934|0.2927|0.2930|0.2934|0.2933|0.2933|0.2929|0.2933|0.2926
 8180|0.2932|0.2940|0.2933|0.2936|0.2940|0.2940|0.2939|0.2936|0.2938|0.2932
 8185|0.2970|0.2978|0.2971|0.2974|0.2978|0.2978|0.2977|0.2974|0.2976|0.2970
 8190|0.3009|0.3016|0.3009|0.3013|0.3017|0.3017|0.3017|0.3014|0.3015|0.3009
 8195|0.3020|0.3027|0.3020|0.3025|0.3028|0.3028|0.3028|0.3025|0.3026|0.3021
 8200|0.3034|0.3041|0.3034|0.3039|0.3042|0.3042|0.3041|0.3039|0.3040|0.3036
 8205|0.3080|0.3087|0.3081|0.3085|0.3088|0.3088|0.3086|0.3085|0.3087|0.3082
 8210|0.3121|0.3128|0.3122|0.3126|0.3129|0.3129|0.3125|0.3125|0.3128|0.3124
 8215|0.3116|0.3123|0.3117|0.3121|0.3124|0.3124|0.3117|0.3119|0.3123|0.3119
 8220|0.3045|0.3051|0.3045|0.3049|0.3051|0.3051|0.3042|0.3045|0.3051|0.3046
 8225|0.2881|0.2887|0.2880|0.2883|0.2886|0.2885|0.2875|0.2879|0.2886|0.2882
 8230|0.2754|0.2760|0.2754|0.2756|0.2759|0.2757|0.2744|0.2750|0.2759|0.2754
 8235|0.2797|0.2803|0.2797|0.2798|0.2802|0.2799|0.2782|0.2790|0.2801|0.2796
 8240|0.2912|0.2919|0.2913|0.2912|0.2916|0.2912|0.2891|0.2901|0.2916|0.2910
 8245|0.3009|0.3016|0.3010|0.3007|0.3012|0.3007|0.2982|0.2994|0.3012|0.3006
 8250|0.3058|0.3066|0.3059|0.3054|0.3061|0.3054|0.3025|0.3040|0.3061|0.3054
 8255|0.3030|0.3038|0.3031|0.3024|0.3031|0.3023|0.2991|0.3007|0.3032|0.3024
 8260|0.2984|0.2992|0.2985|0.2976|0.2984|0.2975|0.2940|0.2958|0.2986|0.2976
 8265|0.2977|0.2985|0.2978|0.2966|0.2975|0.2965|0.2928|0.2947|0.2978|0.2967
 8270|0.2966|0.2975|0.2968|0.2954|0.2964|0.2953|0.2914|0.2934|0.2967|0.2955
 8275|0.2910|0.2919|0.2912|0.2896|0.2907|0.2895|0.2857|0.2876|0.2911|0.2898
 8280|0.2854|0.2863|0.2856|0.2838|0.2850|0.2837|0.2800|0.2818|0.2854|0.2841
 8285|0.2842|0.2851|0.2844|0.2824|0.2837|0.2824|0.2788|0.2806|0.2842|0.2829
 8290|0.2847|0.2856|0.2850|0.2829|0.2842|0.2829|0.2796|0.2812|0.2848|0.2835
 8295|0.2846|0.2855|0.2848|0.2826|0.2840|0.2827|0.2798|0.2812|0.2848|0.2834
 8300|0.2839|0.2849|0.2842|0.2820|0.2834|0.2822|0.2798|0.2810|0.2843|0.2830
 8305|0.2831|0.2841|0.2835|0.2813|0.2827|0.2816|0.2798|0.2807|0.2837|0.2825
 8310|0.2809|0.2818|0.2812|0.2793|0.2805|0.2796|0.2786|0.2791|0.2816|0.2807
 8315|0.2758|0.2767|0.2761|0.2744|0.2756|0.2748|0.2746|0.2748|0.2768|0.2760
 8320|0.2721|0.2731|0.2724|0.2710|0.2721|0.2715|0.2722|0.2720|0.2734|0.2729
 8325|0.2743|0.2753|0.2745|0.2735|0.2744|0.2741|0.2755|0.2751|0.2759|0.2757
 8330|0.2775|0.2785|0.2777|0.2770|0.2778|0.2778|0.2798|0.2792|0.2795|0.2796
 8335|0.2772|0.2780|0.2773|0.2771|0.2778|0.2780|0.2802|0.2798|0.2796|0.2799
 8340|0.2755|0.2762|0.2755|0.2758|0.2763|0.2768|0.2789|0.2788|0.2782|0.2788
 8345|0.2743|0.2748|0.2743|0.2750|0.2754|0.2761|0.2775|0.2781|0.2774|0.2782
 8350|0.2736|0.2739|0.2735|0.2745|0.2748|0.2756|0.2756|0.2774|0.2769|0.2779
 8355|0.2729|0.2731|0.2728|0.2740|0.2743|0.2752|0.2727|0.2762|0.2765|0.2774
 8360|0.2723|0.2725|0.2722|0.2734|0.2738|0.2745|0.2685|0.2744|0.2761|0.2767
 8365|0.2717|0.2719|0.2716|0.2724|0.2733|0.2736|0.2628|0.2717|0.2756|0.2756
 8370|0.2711|0.2713|0.2710|0.2710|0.2726|0.2722|0.2553|0.2679|0.2748|0.2739
 8375|0.2702|0.2706|0.2704|0.2690|0.2715|0.2702|0.2460|0.2627|0.2737|0.2716
 8380|0.2690|0.2697|0.2695|0.2661|0.2700|0.2672|0.2349|0.2560|0.2721|0.2682
 8385|0.2672|0.2682|0.2681|0.2620|0.2676|0.2632|0.2219|0.2475|0.2698|0.2637
 8390|0.2642|0.2656|0.2656|0.2560|0.2638|0.2573|0.2072|0.2370|0.2660|0.2574
 8395|0.2591|0.2610|0.2612|0.2476|0.2579|0.2490|0.1908|0.2240|0.2601|0.2486
 8400|0.2523|0.2547|0.2552|0.2370|0.2500|0.2387|0.1735|0.2093|0.2524|0.2379
 8405|0.2438|0.2469|0.2477|0.2247|0.2404|0.2266|0.1562|0.1935|0.2431|0.2255
 8410|0.2337|0.2374|0.2385|0.2109|0.2292|0.2131|0.1394|0.1771|0.2322|0.2118
 8415|0.2220|0.2263|0.2278|0.1959|0.2165|0.1984|0.1235|0.1607|0.2199|0.1972
 8420|0.2086|0.2134|0.2152|0.1798|0.2022|0.1827|0.1086|0.1443|0.2061|0.1816
 8425|0.1934|0.1987|0.2007|0.1629|0.1863|0.1661|0.0948|0.1283|0.1908|0.1652
 8430|0.1770|0.1826|0.1847|0.1459|0.1696|0.1492|0.0823|0.1130|0.1745|0.1487
 8435|0.1599|0.1656|0.1679|0.1292|0.1525|0.1327|0.0711|0.0988|0.1578|0.1324
 8440|0.1430|0.1486|0.1509|0.1135|0.1358|0.1170|0.0613|0.0860|0.1414|0.1171
 8445|0.1268|0.1322|0.1345|0.0991|0.1201|0.1026|0.0528|0.0747|0.1258|0.1030
 8450|0.1115|0.1166|0.1188|0.0861|0.1054|0.0895|0.0456|0.0647|0.1111|0.0902
 8455|0.0973|0.1020|0.1040|0.0745|0.0919|0.0776|0.0393|0.0559|0.0974|0.0786
 8460|0.0844|0.0886|0.0904|0.0641|0.0796|0.0671|0.0339|0.0483|0.0849|0.0681
 8465|0.0728|0.0765|0.0782|0.0551|0.0688|0.0578|0.0292|0.0416|0.0738|0.0590
 8470|0.0626|0.0659|0.0674|0.0473|0.0592|0.0498|0.0253|0.0359|0.0639|0.0510
 8475|0.0537|0.0566|0.0579|0.0406|0.0509|0.0428|0.0219|0.0310|0.0552|0.0440
 8480|0.0461|0.0485|0.0497|0.0349|0.0437|0.0368|0.0190|0.0268|0.0476|0.0380
 8485|0.0395|0.0416|0.0426|0.0300|0.0375|0.0317|0.0165|0.0232|0.0411|0.0328
 8490|0.0339|0.0356|0.0365|0.0258|0.0323|0.0273|0.0143|0.0201|0.0355|0.0284
 8495|0.0291|0.0306|0.0313|0.0222|0.0278|0.0236|0.0125|0.0175|0.0306|0.0246
 8500|0.0250|0.0262|0.0269|0.0192|0.0239|0.0204|0.0109|0.0152|0.0264|0.0213
 8505|0.0215|0.0226|0.0231|0.0166|0.0206|0.0176|0.0095|0.0132|0.0229|0.0185
 8510|0.0186|0.0195|0.0199|0.0144|0.0179|0.0153|0.0084|0.0116|0.0199|0.0161
 8515|0.0161|0.0169|0.0173|0.0125|0.0155|0.0133|0.0073|0.0101|0.0173|0.0140
 8520|0.0140|0.0146|0.0150|0.0109|0.0135|0.0116|0.0065|0.0089|0.0151|0.0123
 8525|0.0121|0.0127|0.0130|0.0096|0.0118|0.0102|0.0057|0.0078|0.0132|0.0108
 8530|0.0106|0.0111|0.0113|0.0084|0.0103|0.0089|0.0051|0.0069|0.0115|0.0094
 8535|0.0093|0.0097|0.0099|0.0073|0.0090|0.0078|0.0045|0.0061|0.0101|0.0083
 8540|0.0081|0.0085|0.0087|0.0064|0.0079|0.0069|0.0039|0.0054|0.0089|0.0073
 8545|0.0071|0.0074|0.0076|0.0057|0.0069|0.0060|0.0035|0.0047|0.0078|0.0064
 8550|0.0062|0.0065|0.0067|0.0050|0.0061|0.0053|0.0031|0.0042|0.0069|0.0057
 8555|0.0055|0.0057|0.0059|0.0044|0.0054|0.0047|0.0028|0.0037|0.0061|0.0050
 8560|0.0049|0.0051|0.0052|0.0039|0.0048|0.0042|0.0025|0.0033|0.0054|0.0045
 8565|0.0043|0.0045|0.0046|0.0035|0.0042|0.0037|0.0022|0.0029|0.0047|0.0040
 8570|0.0038|0.0040|0.0041|0.0031|0.0037|0.0033|0.0020|0.0026|0.0042|0.0035
 8575|0.0034|0.0035|0.0036|0.0027|0.0033|0.0029|0.0017|0.0023|0.0037|0.0031
 8580|0.0030|0.0031|0.0032|0.0024|0.0029|0.0026|0.0016|0.0021|0.0033|0.0028
 8585|0.0027|0.0028|0.0028|0.0022|0.0026|0.0023|0.0014|0.0019|0.0029|0.0025
 8590|0.0024|0.0025|0.0025|0.0019|0.0023|0.0021|0.0012|0.0017|0.0026|0.0022
 8595|0.0021|0.0022|0.0023|0.0017|0.0021|0.0018|0.0011|0.0015|0.0023|0.0020
 8600|0.0019|0.0020|0.0020|0.0015|0.0019|0.0016|0.0010|0.0013|0.0021|0.0018
 8605|0.0017|0.0017|0.0018|0.0014|0.0017|0.0015|0.0009|0.0012|0.0019|0.0016
 8610|0.0015|0.0016|0.0016|0.0012|0.0015|0.0013|0.0008|0.0011|0.0017|0.0014
 8615|0.0013|0.0014|0.0014|0.0011|0.0013|0.0012|0.0007|0.0010|0.0015|0.0013
 8620|0.0012|0.0013|0.0013|0.0010|0.0012|0.0011|0.0007|0.0009|0.0013|0.0011
 8625|0.0011|0.0011|0.0011|0.0009|0.0011|0.0010|0.0006|0.0008|0.0012|0.0010
 8630|0.0010|0.0010|0.0010|0.0008|0.0010|0.0009|0.0005|0.0007|0.0011|0.0009
 8635|0.0009|0.0009|0.0009|0.0007|0.0009|0.0008|0.0005|0.0006|0.0010|0.0008
 8640|0.0008|0.0008|0.0008|0.0007|0.0008|0.0007|0.0005|0.0006|0.0009|0.0007
 8645|0.0007|0.0007|0.0007|0.0006|0.0007|0.0006|0.0004|0.0005|0.0008|0.0007
 8650|0.0006|0.0007|0.0007|0.0005|0.0006|0.0006|0.0004|0.0005|0.0007|0.0006
 8655|0.0006|0.0006|0.0006|0.0005|0.0006|0.0005|0.0003|0.0004|0.0006|0.0005
 8660|0.0005|0.0005|0.0006|0.0004|0.0005|0.0005|0.0003|0.0004|0.0006|0.0005
 8665|0.0005|0.0005|0.0005|0.0004|0.0005|0.0004|0.0003|0.0003|0.0005|0.0004
 8670|0.0004|0.0004|0.0005|0.0004|0.0004|0.0004|0.0003|0.0003|0.0005|0.0004
 8675|0.0004|0.0004|0.0004|0.0003|0.0004|0.0003|0.0002|0.0003|0.0004|0.0004
 8680|0.0004|0.0004|0.0004|0.0003|0.0003|0.0003|0.0002|0.0003|0.0004|0.0003
 8685|0.0003|0.0003|0.0003|0.0003|0.0003|0.0003|0.0002|0.0002|0.0004|0.0003
 8690|0.0003|0.0003|0.0003|0.0003|0.0003|0.0003|0.0002|0.0002|0.0003|0.0003
 8695|0.0003|0.0003|0.0003|0.0002|0.0002|0.0002|0.0002|0.0002|0.0003|0.0002
 8700|0.0001|0.0001|0.0002|0.0001|0.0001|0.0001|0.0001|0.0001|0.0002|0.0001
#---------------------------------------------------------------------------
