##Table: J/A+A/552/A124/tablee8.dat (cdsarc.u-strasbg.fr)
#---------------------------------------------------------------------------
#    l|      |      |      |      |      |      |      |      |      |
#ambda|  Tr00|  Tr23|  Tr47|  Tr70|  Tr93| Tr117| Tr140| Tr163| Tr186| Tr210
#-----|------|------|------|------|------|------|------|------|------|------
 7850|0.0000|0.0000|0.0000|0.0000|0.0000|0.0000|0.0001|0.0003|0.0000|0.0000
 7855|0.0000|0.0000|0.0000|0.0000|0.0000|0.0000|0.0003|0.0006|0.0000|0.0000
 7860|0.0000|0.0000|0.0000|0.0000|0.0000|0.0000|0.0006|0.0010|0.0000|0.0000
 7865|0.0000|0.0000|0.0000|0.0000|0.0000|0.0000|0.0010|0.0013|0.0001|0.0000
 7870|0.0000|0.0000|0.0000|0.0000|0.0000|0.0000|0.0013|0.0015|0.0003|0.0000
 7875|0.0000|0.0000|0.0000|0.0000|0.0000|0.0001|0.0015|0.0017|0.0006|0.0000
 7880|0.0000|0.0000|0.0000|0.0000|0.0000|0.0003|0.0017|0.0018|0.0009|0.0000
 7885|0.0000|0.0000|0.0000|0.0000|0.0000|0.0006|0.0018|0.0019|0.0012|0.0000
 7890|0.0000|0.0000|0.0000|0.0000|0.0001|0.0009|0.0019|0.0021|0.0014|0.0002
 7895|0.0000|0.0000|0.0000|0.0000|0.0003|0.0012|0.0020|0.0022|0.0016|0.0004
 7900|0.0000|0.0000|0.0000|0.0001|0.0006|0.0015|0.0022|0.0023|0.0017|0.0006
 7905|0.0000|0.0000|0.0000|0.0003|0.0009|0.0016|0.0023|0.0025|0.0018|0.0009
 7910|0.0000|0.0000|0.0000|0.0006|0.0012|0.0017|0.0025|0.0027|0.0019|0.0012
 7915|0.0000|0.0000|0.0000|0.0009|0.0015|0.0018|0.0027|0.0029|0.0021|0.0015
 7920|0.0000|0.0000|0.0001|0.0012|0.0017|0.0020|0.0029|0.0031|0.0022|0.0016
 7925|0.0000|0.0000|0.0003|0.0014|0.0018|0.0021|0.0031|0.0033|0.0024|0.0017
 7930|0.0000|0.0000|0.0006|0.0016|0.0019|0.0022|0.0033|0.0035|0.0025|0.0018
 7935|0.0000|0.0000|0.0009|0.0017|0.0020|0.0024|0.0035|0.0038|0.0027|0.0019
 7940|0.0000|0.0000|0.0012|0.0018|0.0022|0.0026|0.0038|0.0041|0.0029|0.0021
 7945|0.0001|0.0000|0.0015|0.0019|0.0023|0.0027|0.0041|0.0044|0.0031|0.0022
 7950|0.0003|0.0001|0.0016|0.0021|0.0025|0.0029|0.0044|0.0047|0.0033|0.0023
 7955|0.0006|0.0003|0.0017|0.0022|0.0026|0.0031|0.0047|0.0051|0.0036|0.0025
 7960|0.0009|0.0006|0.0019|0.0024|0.0028|0.0034|0.0051|0.0055|0.0039|0.0027
 7965|0.0012|0.0009|0.0020|0.0026|0.0031|0.0037|0.0057|0.0062|0.0043|0.0029
 7970|0.0015|0.0013|0.0023|0.0029|0.0035|0.0042|0.0064|0.0070|0.0048|0.0032
 7975|0.0017|0.0016|0.0025|0.0032|0.0039|0.0046|0.0072|0.0079|0.0053|0.0036
 7980|0.0019|0.0018|0.0028|0.0036|0.0043|0.0052|0.0081|0.0088|0.0059|0.0039
 7985|0.0021|0.0020|0.0030|0.0039|0.0047|0.0057|0.0090|0.0098|0.0066|0.0043
 7990|0.0022|0.0021|0.0033|0.0042|0.0051|0.0062|0.0098|0.0107|0.0071|0.0046
 7995|0.0024|0.0023|0.0035|0.0045|0.0055|0.0066|0.0106|0.0116|0.0077|0.0050
 8000|0.0025|0.0024|0.0037|0.0048|0.0058|0.0071|0.0114|0.0125|0.0083|0.0053
 8005|0.0027|0.0026|0.0040|0.0052|0.0063|0.0076|0.0123|0.0135|0.0089|0.0057
 8010|0.0029|0.0027|0.0042|0.0055|0.0067|0.0082|0.0133|0.0147|0.0096|0.0061
 8015|0.0030|0.0029|0.0045|0.0059|0.0072|0.0089|0.0145|0.0160|0.0105|0.0066
 8020|0.0033|0.0031|0.0049|0.0064|0.0078|0.0096|0.0158|0.0174|0.0114|0.0071
 8025|0.0035|0.0033|0.0052|0.0069|0.0084|0.0104|0.0171|0.0189|0.0123|0.0076
 8030|0.0037|0.0035|0.0056|0.0074|0.0091|0.0112|0.0186|0.0206|0.0134|0.0082
 8035|0.0040|0.0038|0.0060|0.0080|0.0098|0.0122|0.0202|0.0225|0.0145|0.0089
 8040|0.0043|0.0040|0.0065|0.0086|0.0106|0.0132|0.0221|0.0246|0.0158|0.0096
 8045|0.0046|0.0043|0.0070|0.0093|0.0115|0.0143|0.0241|0.0269|0.0173|0.0104
 8050|0.0049|0.0046|0.0076|0.0101|0.0125|0.0156|0.0263|0.0294|0.0189|0.0113
 8055|0.0053|0.0050|0.0082|0.0109|0.0136|0.0170|0.0288|0.0322|0.0206|0.0123
 8060|0.0057|0.0053|0.0088|0.0119|0.0148|0.0185|0.0315|0.0353|0.0226|0.0134
 8065|0.0061|0.0057|0.0095|0.0129|0.0161|0.0201|0.0344|0.0386|0.0247|0.0146
 8070|0.0066|0.0062|0.0103|0.0140|0.0175|0.0220|0.0377|0.0424|0.0271|0.0159
 8075|0.0071|0.0067|0.0112|0.0152|0.0191|0.0240|0.0413|0.0465|0.0297|0.0174
 8080|0.0077|0.0072|0.0121|0.0165|0.0208|0.0262|0.0453|0.0510|0.0326|0.0190
 8085|0.0083|0.0077|0.0131|0.0180|0.0226|0.0286|0.0495|0.0558|0.0357|0.0207
 8090|0.0089|0.0083|0.0142|0.0195|0.0246|0.0311|0.0540|0.0609|0.0391|0.0226
 8095|0.0096|0.0090|0.0154|0.0212|0.0268|0.0339|0.0589|0.0665|0.0429|0.0246
 8100|0.0104|0.0097|0.0167|0.0231|0.0292|0.0370|0.0643|0.0725|0.0470|0.0269
 8105|0.0112|0.0105|0.0182|0.0251|0.0318|0.0404|0.0701|0.0790|0.0514|0.0295
 8110|0.0121|0.0113|0.0197|0.0273|0.0347|0.0441|0.0762|0.0859|0.0563|0.0322
 8115|0.0131|0.0122|0.0214|0.0297|0.0377|0.0479|0.0826|0.0930|0.0614|0.0352
 8120|0.0141|0.0131|0.0231|0.0322|0.0410|0.0521|0.0893|0.1005|0.0669|0.0384
 8125|0.0152|0.0142|0.0251|0.0349|0.0445|0.0565|0.0964|0.1083|0.0728|0.0419
 8130|0.0164|0.0152|0.0271|0.0378|0.0482|0.0611|0.1035|0.1162|0.0790|0.0456
 8135|0.0176|0.0163|0.0292|0.0407|0.0519|0.0657|0.1104|0.1239|0.0851|0.0494
 8140|0.0188|0.0175|0.0313|0.0438|0.0558|0.0705|0.1173|0.1314|0.0914|0.0534
 8145|0.0202|0.0188|0.0337|0.0471|0.0600|0.0756|0.1246|0.1392|0.0981|0.0578
 8150|0.0218|0.0202|0.0364|0.0509|0.0647|0.0813|0.1323|0.1475|0.1055|0.0627
 8155|0.0236|0.0219|0.0395|0.0552|0.0701|0.0877|0.1410|0.1566|0.1137|0.0683
 8160|0.0256|0.0237|0.0429|0.0598|0.0758|0.0945|0.1497|0.1657|0.1222|0.0743
 8165|0.0276|0.0256|0.0463|0.0644|0.0813|0.1010|0.1575|0.1737|0.1302|0.0803
 8170|0.0298|0.0276|0.0499|0.0693|0.0872|0.1077|0.1653|0.1816|0.1383|0.0866
 8175|0.0324|0.0300|0.0542|0.0750|0.0940|0.1155|0.1742|0.1907|0.1476|0.0939
 8180|0.0355|0.0329|0.0593|0.0817|0.1020|0.1246|0.1845|0.2011|0.1583|0.1025
 8185|0.0393|0.0365|0.0655|0.0898|0.1116|0.1354|0.1969|0.2135|0.1709|0.1127
 8190|0.0435|0.0404|0.0722|0.0985|0.1218|0.1468|0.2094|0.2259|0.1839|0.1236
 8195|0.0478|0.0444|0.0789|0.1069|0.1315|0.1572|0.2199|0.2361|0.1953|0.1340
 8200|0.0525|0.0488|0.0861|0.1159|0.1417|0.1681|0.2305|0.2462|0.2070|0.1451
 8205|0.0582|0.0541|0.0949|0.1267|0.1539|0.1811|0.2433|0.2586|0.2209|0.1582
 8210|0.0643|0.0598|0.1040|0.1377|0.1661|0.1939|0.2554|0.2701|0.2342|0.1713
 8215|0.0699|0.0651|0.1120|0.1470|0.1761|0.2038|0.2631|0.2770|0.2437|0.1821
 8220|0.0743|0.0692|0.1177|0.1532|0.1820|0.2089|0.2644|0.2771|0.2472|0.1887
 8225|0.0764|0.0713|0.1197|0.1542|0.1817|0.2068|0.2566|0.2677|0.2420|0.1888
 8230|0.0796|0.0743|0.1230|0.1567|0.1831|0.2066|0.2513|0.2607|0.2388|0.1905
 8235|0.0879|0.0821|0.1340|0.1687|0.1953|0.2186|0.2607|0.2692|0.2496|0.2035
 8240|0.0991|0.0927|0.1488|0.1853|0.2127|0.2360|0.2763|0.2841|0.2664|0.2217
 8245|0.1105|0.1036|0.1635|0.2014|0.2290|0.2520|0.2901|0.2969|0.2813|0.2388
 8250|0.1210|0.1137|0.1763|0.2145|0.2419|0.2640|0.2989|0.3047|0.2913|0.2521
 8255|0.1290|0.1215|0.1847|0.2222|0.2484|0.2688|0.2996|0.3042|0.2933|0.2585
 8260|0.1366|0.1289|0.1921|0.2283|0.2530|0.2716|0.2981|0.3017|0.2930|0.2628
 8265|0.1461|0.1382|0.2018|0.2369|0.2602|0.2772|0.3000|0.3026|0.2959|0.2698
 8270|0.1555|0.1475|0.2110|0.2447|0.2666|0.2820|0.3012|0.3030|0.2979|0.2758
 8275|0.1625|0.1546|0.2165|0.2482|0.2682|0.2817|0.2974|0.2984|0.2948|0.2767
 8280|0.1693|0.1615|0.2215|0.2509|0.2690|0.2807|0.2933|0.2935|0.2911|0.2768
 8285|0.1787|0.1710|0.2295|0.2570|0.2734|0.2836|0.2934|0.2931|0.2916|0.2804
 8290|0.1892|0.1815|0.2385|0.2642|0.2790|0.2878|0.2952|0.2945|0.2936|0.2852
 8295|0.1992|0.1916|0.2466|0.2703|0.2834|0.2909|0.2962|0.2950|0.2946|0.2887
 8300|0.2088|0.2014|0.2538|0.2754|0.2870|0.2931|0.2965|0.2950|0.2949|0.2912
 8305|0.2179|0.2108|0.2604|0.2798|0.2898|0.2948|0.2966|0.2948|0.2949|0.2930
 8310|0.2254|0.2186|0.2649|0.2822|0.2907|0.2945|0.2951|0.2931|0.2932|0.2928
 8315|0.2301|0.2238|0.2661|0.2811|0.2881|0.2910|0.2905|0.2884|0.2884|0.2890
 8320|0.2354|0.2296|0.2680|0.2808|0.2865|0.2885|0.2873|0.2851|0.2849|0.2864
 8325|0.2452|0.2398|0.2750|0.2860|0.2906|0.2920|0.2901|0.2879|0.2873|0.2894
 8330|0.2555|0.2503|0.2824|0.2918|0.2955|0.2962|0.2939|0.2916|0.2907|0.2932
 8335|0.2618|0.2571|0.2856|0.2934|0.2961|0.2964|0.2938|0.2916|0.2903|0.2929
 8340|0.2660|0.2617|0.2867|0.2930|0.2949|0.2947|0.2921|0.2899|0.2883|0.2908
 8345|0.2699|0.2661|0.2877|0.2927|0.2939|0.2935|0.2908|0.2887|0.2867|0.2890
 8350|0.2734|0.2701|0.2885|0.2924|0.2931|0.2924|0.2898|0.2879|0.2854|0.2874
 8355|0.2764|0.2736|0.2890|0.2918|0.2921|0.2913|0.2889|0.2871|0.2842|0.2858
 8360|0.2789|0.2764|0.2891|0.2911|0.2910|0.2901|0.2880|0.2863|0.2831|0.2842
 8365|0.2809|0.2788|0.2890|0.2903|0.2900|0.2890|0.2872|0.2856|0.2821|0.2826
 8370|0.2824|0.2807|0.2887|0.2895|0.2889|0.2880|0.2865|0.2851|0.2813|0.2812
 8375|0.2836|0.2822|0.2884|0.2887|0.2881|0.2872|0.2860|0.2847|0.2806|0.2800
 8380|0.2846|0.2835|0.2880|0.2880|0.2873|0.2865|0.2858|0.2846|0.2802|0.2790
 8385|0.2855|0.2846|0.2878|0.2876|0.2869|0.2862|0.2858|0.2847|0.2801|0.2783
 8390|0.2859|0.2852|0.2872|0.2869|0.2862|0.2856|0.2856|0.2847|0.2799|0.2775
 8395|0.2853|0.2848|0.2859|0.2855|0.2848|0.2844|0.2847|0.2840|0.2790|0.2761
 8400|0.2842|0.2839|0.2843|0.2838|0.2833|0.2830|0.2837|0.2830|0.2780|0.2746
 8405|0.2832|0.2830|0.2829|0.2825|0.2821|0.2819|0.2829|0.2824|0.2773|0.2734
 8410|0.2824|0.2822|0.2818|0.2815|0.2812|0.2812|0.2824|0.2820|0.2769|0.2726
 8415|0.2820|0.2819|0.2812|0.2810|0.2809|0.2810|0.2825|0.2822|0.2771|0.2724
 8420|0.2815|0.2814|0.2807|0.2807|0.2807|0.2809|0.2827|0.2825|0.2773|0.2723
 8425|0.2807|0.2806|0.2799|0.2800|0.2802|0.2805|0.2825|0.2824|0.2773|0.2720
 8430|0.2796|0.2795|0.2789|0.2792|0.2794|0.2799|0.2820|0.2820|0.2771|0.2715
 8435|0.2782|0.2782|0.2777|0.2781|0.2785|0.2791|0.2814|0.2814|0.2766|0.2709
 8440|0.2770|0.2769|0.2766|0.2773|0.2778|0.2784|0.2808|0.2810|0.2763|0.2704
 8445|0.2763|0.2762|0.2761|0.2769|0.2775|0.2783|0.2808|0.2809|0.2764|0.2705
 8450|0.2757|0.2756|0.2758|0.2767|0.2775|0.2783|0.2808|0.2810|0.2767|0.2708
 8455|0.2749|0.2747|0.2752|0.2763|0.2771|0.2780|0.2805|0.2808|0.2767|0.2708
 8460|0.2739|0.2737|0.2745|0.2757|0.2766|0.2776|0.2801|0.2804|0.2765|0.2706
 8465|0.2730|0.2728|0.2738|0.2751|0.2761|0.2771|0.2796|0.2799|0.2763|0.2705
 8470|0.2721|0.2718|0.2731|0.2745|0.2756|0.2765|0.2790|0.2793|0.2760|0.2703
 8475|0.2711|0.2708|0.2724|0.2739|0.2750|0.2760|0.2783|0.2786|0.2756|0.2701
 8480|0.2703|0.2700|0.2717|0.2733|0.2744|0.2754|0.2777|0.2780|0.2753|0.2700
 8485|0.2695|0.2692|0.2711|0.2728|0.2739|0.2749|0.2770|0.2773|0.2749|0.2698
 8490|0.2687|0.2684|0.2705|0.2722|0.2733|0.2743|0.2763|0.2766|0.2744|0.2696
 8495|0.2678|0.2674|0.2698|0.2714|0.2726|0.2735|0.2753|0.2756|0.2738|0.2693
 8500|0.2670|0.2666|0.2690|0.2707|0.2718|0.2727|0.2744|0.2746|0.2731|0.2689
 8505|0.2662|0.2658|0.2684|0.2700|0.2711|0.2720|0.2734|0.2736|0.2724|0.2685
 8510|0.2657|0.2652|0.2678|0.2695|0.2706|0.2714|0.2726|0.2728|0.2718|0.2683
 8515|0.2652|0.2648|0.2674|0.2690|0.2701|0.2709|0.2719|0.2720|0.2713|0.2681
 8520|0.2649|0.2645|0.2671|0.2686|0.2697|0.2704|0.2712|0.2712|0.2709|0.2680
 8525|0.2646|0.2642|0.2668|0.2683|0.2693|0.2699|0.2705|0.2705|0.2704|0.2679
 8530|0.2642|0.2638|0.2664|0.2678|0.2687|0.2693|0.2697|0.2696|0.2697|0.2676
 8535|0.2635|0.2631|0.2656|0.2669|0.2677|0.2683|0.2684|0.2683|0.2687|0.2669
 8540|0.2626|0.2622|0.2646|0.2658|0.2666|0.2671|0.2670|0.2669|0.2674|0.2661
 8545|0.2618|0.2614|0.2637|0.2648|0.2655|0.2659|0.2657|0.2654|0.2662|0.2652
 8550|0.2611|0.2608|0.2630|0.2640|0.2646|0.2649|0.2645|0.2642|0.2651|0.2644
 8555|0.2608|0.2605|0.2626|0.2635|0.2640|0.2642|0.2636|0.2633|0.2644|0.2640
 8560|0.2606|0.2603|0.2622|0.2630|0.2635|0.2636|0.2628|0.2624|0.2637|0.2636
 8565|0.2602|0.2599|0.2616|0.2623|0.2627|0.2627|0.2618|0.2613|0.2627|0.2630
 8570|0.2596|0.2594|0.2609|0.2614|0.2617|0.2617|0.2606|0.2601|0.2616|0.2622
 8575|0.2589|0.2588|0.2601|0.2605|0.2607|0.2607|0.2594|0.2589|0.2604|0.2612
 8580|0.2582|0.2581|0.2592|0.2595|0.2597|0.2596|0.2582|0.2576|0.2592|0.2602
 8585|0.2575|0.2574|0.2583|0.2586|0.2586|0.2584|0.2569|0.2563|0.2579|0.2592
 8590|0.2568|0.2567|0.2574|0.2575|0.2575|0.2573|0.2557|0.2550|0.2567|0.2582
 8595|0.2560|0.2560|0.2565|0.2565|0.2564|0.2561|0.2544|0.2537|0.2554|0.2571
 8600|0.2552|0.2552|0.2555|0.2554|0.2552|0.2549|0.2531|0.2523|0.2540|0.2559
 8605|0.2542|0.2543|0.2544|0.2542|0.2540|0.2536|0.2517|0.2509|0.2526|0.2546
 8610|0.2533|0.2534|0.2533|0.2530|0.2527|0.2523|0.2504|0.2496|0.2512|0.2533
 8615|0.2524|0.2525|0.2522|0.2519|0.2515|0.2511|0.2491|0.2482|0.2499|0.2521
 8620|0.2515|0.2517|0.2512|0.2507|0.2504|0.2499|0.2478|0.2470|0.2485|0.2508
 8625|0.2506|0.2508|0.2501|0.2496|0.2492|0.2487|0.2466|0.2457|0.2472|0.2496
 8630|0.2496|0.2498|0.2490|0.2484|0.2479|0.2474|0.2453|0.2444|0.2459|0.2483
 8635|0.2486|0.2488|0.2478|0.2471|0.2467|0.2461|0.2440|0.2431|0.2445|0.2469
 8640|0.2475|0.2478|0.2466|0.2459|0.2454|0.2448|0.2427|0.2418|0.2431|0.2455
 8645|0.2464|0.2467|0.2454|0.2446|0.2441|0.2435|0.2414|0.2405|0.2417|0.2441
 8650|0.2451|0.2455|0.2440|0.2432|0.2427|0.2421|0.2401|0.2391|0.2402|0.2426
 8655|0.2436|0.2440|0.2424|0.2416|0.2410|0.2404|0.2384|0.2375|0.2385|0.2408
 8660|0.2422|0.2425|0.2409|0.2400|0.2394|0.2389|0.2369|0.2360|0.2368|0.2391
 8665|0.2411|0.2414|0.2397|0.2388|0.2382|0.2377|0.2358|0.2349|0.2356|0.2378
 8670|0.2401|0.2405|0.2387|0.2378|0.2372|0.2366|0.2348|0.2339|0.2345|0.2366
 8675|0.2390|0.2394|0.2375|0.2366|0.2360|0.2355|0.2337|0.2328|0.2333|0.2354
 8680|0.2378|0.2382|0.2363|0.2354|0.2348|0.2343|0.2325|0.2317|0.2321|0.2340
 8685|0.2365|0.2369|0.2349|0.2340|0.2334|0.2329|0.2313|0.2304|0.2307|0.2325
 8690|0.2352|0.2356|0.2336|0.2327|0.2321|0.2316|0.2301|0.2292|0.2294|0.2311
 8695|0.2341|0.2345|0.2325|0.2316|0.2310|0.2306|0.2291|0.2283|0.2283|0.2299
 8700|0.2330|0.2334|0.2314|0.2305|0.2300|0.2296|0.2282|0.2274|0.2273|0.2287
 8705|0.2318|0.2322|0.2302|0.2293|0.2288|0.2284|0.2271|0.2264|0.2262|0.2274
 8710|0.2305|0.2309|0.2289|0.2281|0.2276|0.2272|0.2260|0.2253|0.2250|0.2261
 8715|0.2292|0.2296|0.2277|0.2269|0.2264|0.2261|0.2249|0.2242|0.2239|0.2248
 8720|0.2280|0.2284|0.2264|0.2257|0.2253|0.2249|0.2239|0.2232|0.2227|0.2236
 8725|0.2268|0.2271|0.2252|0.2245|0.2241|0.2238|0.2229|0.2222|0.2216|0.2223
 8730|0.2255|0.2258|0.2240|0.2233|0.2230|0.2227|0.2218|0.2212|0.2205|0.2211
 8735|0.2242|0.2245|0.2227|0.2221|0.2218|0.2215|0.2208|0.2202|0.2194|0.2198
 8740|0.2229|0.2232|0.2215|0.2209|0.2206|0.2204|0.2197|0.2192|0.2183|0.2186
 8745|0.2217|0.2220|0.2203|0.2198|0.2195|0.2194|0.2188|0.2183|0.2173|0.2174
 8750|0.2205|0.2208|0.2192|0.2187|0.2184|0.2183|0.2178|0.2174|0.2163|0.2163
 8755|0.2192|0.2195|0.2180|0.2176|0.2173|0.2173|0.2169|0.2164|0.2153|0.2152
 8760|0.2180|0.2183|0.2169|0.2165|0.2163|0.2162|0.2159|0.2155|0.2144|0.2140
 8765|0.2168|0.2171|0.2158|0.2154|0.2153|0.2152|0.2150|0.2146|0.2135|0.2130
 8770|0.2157|0.2160|0.2147|0.2144|0.2143|0.2143|0.2141|0.2138|0.2126|0.2120
 8775|0.2145|0.2148|0.2136|0.2134|0.2133|0.2133|0.2132|0.2129|0.2117|0.2110
 8780|0.2134|0.2136|0.2125|0.2123|0.2122|0.2123|0.2123|0.2120|0.2107|0.2099
 8785|0.2122|0.2124|0.2114|0.2112|0.2112|0.2113|0.2114|0.2111|0.2098|0.2089
 8790|0.2110|0.2112|0.2103|0.2102|0.2102|0.2103|0.2104|0.2103|0.2089|0.2079
 8795|0.2099|0.2100|0.2093|0.2092|0.2092|0.2093|0.2095|0.2094|0.2080|0.2069
 8800|0.2087|0.2088|0.2082|0.2081|0.2082|0.2083|0.2086|0.2085|0.2071|0.2059
 8805|0.2074|0.2075|0.2069|0.2069|0.2070|0.2072|0.2075|0.2074|0.2060|0.2047
 8810|0.2061|0.2062|0.2057|0.2058|0.2059|0.2061|0.2064|0.2064|0.2050|0.2036
 8815|0.2052|0.2052|0.2048|0.2049|0.2050|0.2052|0.2056|0.2056|0.2042|0.2028
 8820|0.2043|0.2043|0.2040|0.2041|0.2043|0.2045|0.2049|0.2049|0.2035|0.2021
 8825|0.2032|0.2033|0.2031|0.2032|0.2034|0.2036|0.2041|0.2041|0.2027|0.2012
 8830|0.2022|0.2022|0.2021|0.2023|0.2025|0.2027|0.2032|0.2032|0.2019|0.2003
 8835|0.2012|0.2012|0.2012|0.2014|0.2016|0.2019|0.2024|0.2025|0.2012|0.1995
 8840|0.2003|0.2003|0.2003|0.2006|0.2008|0.2010|0.2016|0.2017|0.2004|0.1988
 8845|0.1994|0.1993|0.1995|0.1997|0.1999|0.2002|0.2008|0.2009|0.1997|0.1980
 8850|0.1984|0.1983|0.1985|0.1988|0.1990|0.1993|0.1999|0.2000|0.1988|0.1971
 8855|0.1973|0.1972|0.1975|0.1978|0.1980|0.1983|0.1988|0.1990|0.1979|0.1962
 8860|0.1962|0.1961|0.1964|0.1967|0.1970|0.1972|0.1978|0.1980|0.1969|0.1952
 8865|0.1952|0.1951|0.1955|0.1958|0.1961|0.1963|0.1969|0.1971|0.1961|0.1944
 8870|0.1942|0.1941|0.1946|0.1949|0.1951|0.1954|0.1960|0.1962|0.1952|0.1935
 8875|0.1931|0.1930|0.1935|0.1938|0.1941|0.1943|0.1949|0.1951|0.1942|0.1926
 8880|0.1922|0.1920|0.1926|0.1929|0.1931|0.1934|0.1939|0.1942|0.1933|0.1917
 8885|0.1916|0.1914|0.1920|0.1923|0.1926|0.1928|0.1933|0.1936|0.1928|0.1912
 8890|0.1910|0.1908|0.1914|0.1918|0.1920|0.1923|0.1927|0.1930|0.1923|0.1907
 8895|0.1901|0.1898|0.1905|0.1909|0.1911|0.1913|0.1918|0.1920|0.1914|0.1899
 8900|0.1890|0.1888|0.1895|0.1898|0.1900|0.1903|0.1907|0.1909|0.1904|0.1889
 8905|0.1880|0.1878|0.1885|0.1888|0.1890|0.1892|0.1896|0.1899|0.1894|0.1880
 8910|0.1870|0.1868|0.1875|0.1879|0.1880|0.1882|0.1886|0.1888|0.1884|0.1871
 8915|0.1861|0.1858|0.1866|0.1869|0.1870|0.1872|0.1875|0.1878|0.1874|0.1862
 8920|0.1848|0.1846|0.1853|0.1856|0.1858|0.1859|0.1862|0.1864|0.1862|0.1850
 8925|0.1831|0.1828|0.1836|0.1839|0.1840|0.1841|0.1843|0.1846|0.1844|0.1833
 8930|0.1813|0.1810|0.1818|0.1820|0.1821|0.1822|0.1824|0.1826|0.1825|0.1815
 8935|0.1797|0.1794|0.1802|0.1804|0.1805|0.1806|0.1807|0.1809|0.1809|0.1800
 8940|0.1778|0.1775|0.1783|0.1785|0.1785|0.1786|0.1786|0.1788|0.1789|0.1781
 8945|0.1749|0.1746|0.1753|0.1755|0.1755|0.1756|0.1755|0.1757|0.1759|0.1751
 8950|0.1712|0.1710|0.1717|0.1718|0.1718|0.1718|0.1718|0.1719|0.1721|0.1715
 8955|0.1672|0.1669|0.1676|0.1677|0.1677|0.1677|0.1676|0.1677|0.1680|0.1674
 8960|0.1633|0.1630|0.1636|0.1637|0.1637|0.1636|0.1635|0.1636|0.1639|0.1635
 8965|0.1599|0.1597|0.1603|0.1603|0.1603|0.1602|0.1600|0.1601|0.1605|0.1601
 8970|0.1576|0.1573|0.1579|0.1579|0.1578|0.1577|0.1575|0.1575|0.1580|0.1577
 8975|0.1565|0.1563|0.1568|0.1568|0.1567|0.1566|0.1563|0.1563|0.1568|0.1566
 8980|0.1551|0.1548|0.1553|0.1553|0.1551|0.1550|0.1546|0.1547|0.1552|0.1551
 8985|0.1515|0.1512|0.1516|0.1516|0.1514|0.1513|0.1509|0.1509|0.1515|0.1514
 8990|0.1485|0.1482|0.1486|0.1485|0.1483|0.1482|0.1477|0.1477|0.1483|0.1484
 8995|0.1488|0.1486|0.1489|0.1488|0.1486|0.1484|0.1479|0.1478|0.1485|0.1486
 9000|0.1491|0.1489|0.1492|0.1490|0.1488|0.1486|0.1480|0.1480|0.1486|0.1488
 9005|0.1461|0.1459|0.1461|0.1459|0.1457|0.1455|0.1448|0.1448|0.1455|0.1458
 9010|0.1433|0.1431|0.1433|0.1431|0.1428|0.1426|0.1419|0.1418|0.1425|0.1429
 9015|0.1442|0.1440|0.1441|0.1439|0.1436|0.1434|0.1426|0.1425|0.1433|0.1437
 9020|0.1470|0.1468|0.1469|0.1466|0.1463|0.1460|0.1452|0.1451|0.1459|0.1464
 9025|0.1501|0.1499|0.1500|0.1496|0.1493|0.1490|0.1481|0.1479|0.1488|0.1494
 9030|0.1530|0.1528|0.1528|0.1525|0.1521|0.1517|0.1508|0.1506|0.1515|0.1521
 9035|0.1554|0.1552|0.1551|0.1547|0.1543|0.1540|0.1530|0.1528|0.1536|0.1544
 9040|0.1567|0.1565|0.1564|0.1560|0.1555|0.1551|0.1541|0.1538|0.1547|0.1555
 9045|0.1563|0.1561|0.1559|0.1554|0.1549|0.1546|0.1535|0.1532|0.1541|0.1550
 9050|0.1547|0.1545|0.1543|0.1538|0.1533|0.1529|0.1518|0.1515|0.1524|0.1533
 9055|0.1525|0.1523|0.1520|0.1515|0.1510|0.1505|0.1494|0.1491|0.1499|0.1509
 9060|0.1494|0.1493|0.1490|0.1484|0.1479|0.1474|0.1463|0.1459|0.1468|0.1478
 9065|0.1455|0.1453|0.1450|0.1444|0.1438|0.1434|0.1423|0.1419|0.1427|0.1437
 9070|0.1415|0.1413|0.1409|0.1404|0.1398|0.1394|0.1382|0.1378|0.1386|0.1396
 9075|0.1385|0.1383|0.1379|0.1373|0.1368|0.1363|0.1352|0.1348|0.1355|0.1366
 9080|0.1367|0.1366|0.1361|0.1355|0.1349|0.1345|0.1333|0.1329|0.1336|0.1347
 9085|0.1366|0.1364|0.1359|0.1353|0.1347|0.1342|0.1330|0.1326|0.1333|0.1344
 9090|0.1362|0.1361|0.1356|0.1349|0.1343|0.1338|0.1326|0.1321|0.1328|0.1339
 9095|0.1341|0.1340|0.1334|0.1328|0.1321|0.1317|0.1304|0.1299|0.1306|0.1317
 9100|0.1323|0.1322|0.1315|0.1309|0.1302|0.1298|0.1285|0.1280|0.1286|0.1297
 9105|0.1328|0.1327|0.1320|0.1313|0.1307|0.1302|0.1289|0.1284|0.1290|0.1301
 9110|0.1339|0.1338|0.1331|0.1324|0.1318|0.1313|0.1300|0.1294|0.1300|0.1311
 9115|0.1341|0.1340|0.1333|0.1326|0.1319|0.1314|0.1301|0.1295|0.1300|0.1311
 9120|0.1337|0.1336|0.1329|0.1321|0.1314|0.1309|0.1296|0.1290|0.1295|0.1306
 9125|0.1330|0.1329|0.1321|0.1314|0.1307|0.1302|0.1289|0.1282|0.1287|0.1298
 9130|0.1314|0.1313|0.1305|0.1297|0.1290|0.1285|0.1272|0.1266|0.1270|0.1281
 9135|0.1281|0.1280|0.1272|0.1265|0.1258|0.1253|0.1240|0.1234|0.1237|0.1248
 9140|0.1258|0.1257|0.1248|0.1241|0.1234|0.1229|0.1217|0.1210|0.1213|0.1223
 9145|0.1269|0.1268|0.1259|0.1252|0.1245|0.1240|0.1227|0.1220|0.1222|0.1233
 9150|0.1281|0.1280|0.1271|0.1263|0.1256|0.1251|0.1239|0.1231|0.1233|0.1243
 9155|0.1261|0.1261|0.1252|0.1244|0.1237|0.1232|0.1220|0.1212|0.1214|0.1223
 9160|0.1238|0.1238|0.1229|0.1221|0.1214|0.1209|0.1197|0.1190|0.1191|0.1200
 9165|0.1239|0.1238|0.1229|0.1222|0.1215|0.1210|0.1198|0.1190|0.1190|0.1199
 9170|0.1243|0.1243|0.1233|0.1226|0.1219|0.1214|0.1202|0.1194|0.1194|0.1203
 9175|0.1234|0.1233|0.1224|0.1216|0.1209|0.1204|0.1193|0.1185|0.1184|0.1192
 9180|0.1227|0.1227|0.1217|0.1210|0.1203|0.1198|0.1186|0.1178|0.1177|0.1185
 9185|0.1242|0.1242|0.1232|0.1225|0.1218|0.1213|0.1201|0.1193|0.1191|0.1198
 9190|0.1267|0.1266|0.1256|0.1249|0.1241|0.1236|0.1225|0.1216|0.1213|0.1221
 9195|0.1288|0.1288|0.1277|0.1270|0.1263|0.1258|0.1246|0.1237|0.1234|0.1241
 9200|0.1300|0.1300|0.1289|0.1282|0.1274|0.1270|0.1258|0.1249|0.1245|0.1251
 9205|0.1295|0.1294|0.1284|0.1277|0.1269|0.1265|0.1253|0.1244|0.1239|0.1245
 9210|0.1280|0.1279|0.1269|0.1262|0.1255|0.1250|0.1239|0.1230|0.1225|0.1230
 9215|0.1262|0.1261|0.1251|0.1244|0.1237|0.1233|0.1222|0.1213|0.1207|0.1212
 9220|0.1246|0.1246|0.1236|0.1229|0.1222|0.1218|0.1207|0.1198|0.1192|0.1196
 9225|0.1240|0.1240|0.1230|0.1223|0.1217|0.1212|0.1202|0.1193|0.1186|0.1190
 9230|0.1234|0.1234|0.1224|0.1218|0.1211|0.1207|0.1197|0.1188|0.1180|0.1183
 9235|0.1219|0.1219|0.1210|0.1203|0.1197|0.1193|0.1183|0.1174|0.1166|0.1169
 9240|0.1201|0.1200|0.1191|0.1185|0.1179|0.1175|0.1166|0.1157|0.1148|0.1150
 9245|0.1184|0.1184|0.1175|0.1169|0.1163|0.1159|0.1151|0.1141|0.1132|0.1134
 9250|0.1171|0.1170|0.1162|0.1156|0.1150|0.1147|0.1138|0.1129|0.1120|0.1121
 9255|0.1162|0.1162|0.1154|0.1148|0.1142|0.1139|0.1131|0.1122|0.1112|0.1112
 9260|0.1157|0.1156|0.1149|0.1143|0.1138|0.1134|0.1127|0.1117|0.1107|0.1107
 9265|0.1154|0.1153|0.1146|0.1140|0.1135|0.1132|0.1124|0.1115|0.1104|0.1103
 9270|0.1140|0.1139|0.1131|0.1126|0.1121|0.1118|0.1111|0.1102|0.1091|0.1089
 9275|0.1100|0.1099|0.1093|0.1088|0.1083|0.1080|0.1074|0.1065|0.1053|0.1051
 9280|0.1054|0.1053|0.1047|0.1043|0.1038|0.1035|0.1030|0.1021|0.1009|0.1007
 9285|0.1018|0.1017|0.1011|0.1008|0.1003|0.1001|0.0995|0.0987|0.0975|0.0972
 9290|0.0979|0.0978|0.0973|0.0969|0.0965|0.0963|0.0958|0.0950|0.0938|0.0935
 9295|0.0922|0.0921|0.0916|0.0913|0.0909|0.0907|0.0903|0.0896|0.0884|0.0880
 9300|0.0867|0.0867|0.0862|0.0859|0.0856|0.0854|0.0850|0.0843|0.0832|0.0828
 9305|0.0834|0.0833|0.0829|0.0827|0.0823|0.0822|0.0818|0.0812|0.0800|0.0796
 9310|0.0803|0.0802|0.0799|0.0796|0.0793|0.0792|0.0789|0.0782|0.0771|0.0767
 9315|0.0756|0.0755|0.0752|0.0750|0.0747|0.0746|0.0743|0.0737|0.0727|0.0722
 9320|0.0705|0.0704|0.0701|0.0699|0.0697|0.0696|0.0693|0.0688|0.0678|0.0673
 9325|0.0660|0.0659|0.0657|0.0655|0.0653|0.0652|0.0650|0.0644|0.0634|0.0630
 9330|0.0619|0.0618|0.0616|0.0615|0.0613|0.0612|0.0610|0.0605|0.0596|0.0591
 9335|0.0582|0.0582|0.0580|0.0579|0.0577|0.0576|0.0575|0.0570|0.0561|0.0556
 9340|0.0557|0.0556|0.0555|0.0554|0.0552|0.0552|0.0550|0.0546|0.0537|0.0532
 9345|0.0552|0.0551|0.0550|0.0549|0.0548|0.0547|0.0546|0.0542|0.0533|0.0527
 9350|0.0547|0.0546|0.0545|0.0544|0.0543|0.0542|0.0541|0.0537|0.0528|0.0523
 9355|0.0522|0.0521|0.0521|0.0520|0.0519|0.0518|0.0517|0.0513|0.0504|0.0499
 9360|0.0504|0.0503|0.0502|0.0502|0.0500|0.0500|0.0499|0.0496|0.0487|0.0482
 9365|0.0518|0.0517|0.0517|0.0516|0.0515|0.0515|0.0514|0.0510|0.0501|0.0495
 9370|0.0543|0.0542|0.0542|0.0541|0.0540|0.0540|0.0539|0.0535|0.0526|0.0519
 9375|0.0559|0.0558|0.0558|0.0558|0.0557|0.0556|0.0556|0.0552|0.0542|0.0535
 9380|0.0588|0.0587|0.0588|0.0587|0.0586|0.0586|0.0586|0.0582|0.0571|0.0563
 9385|0.0655|0.0654|0.0654|0.0654|0.0653|0.0653|0.0652|0.0648|0.0636|0.0627
 9390|0.0725|0.0723|0.0724|0.0724|0.0723|0.0723|0.0723|0.0718|0.0704|0.0694
 9395|0.0764|0.0763|0.0764|0.0764|0.0763|0.0762|0.0763|0.0757|0.0743|0.0733
 9400|0.0774|0.0772|0.0773|0.0774|0.0773|0.0773|0.0773|0.0768|0.0753|0.0742
 9405|0.0751|0.0750|0.0751|0.0751|0.0750|0.0750|0.0751|0.0746|0.0732|0.0721
 9410|0.0726|0.0725|0.0726|0.0727|0.0726|0.0726|0.0727|0.0722|0.0708|0.0697
 9415|0.0727|0.0725|0.0727|0.0728|0.0727|0.0727|0.0728|0.0723|0.0709|0.0698
 9420|0.0713|0.0712|0.0714|0.0714|0.0714|0.0714|0.0715|0.0710|0.0696|0.0685
 9425|0.0645|0.0643|0.0645|0.0646|0.0645|0.0646|0.0647|0.0643|0.0630|0.0620
 9430|0.0582|0.0581|0.0583|0.0584|0.0583|0.0583|0.0584|0.0581|0.0570|0.0560
 9435|0.0586|0.0585|0.0587|0.0587|0.0587|0.0587|0.0589|0.0585|0.0574|0.0564
 9440|0.0615|0.0614|0.0616|0.0617|0.0617|0.0617|0.0618|0.0615|0.0603|0.0592
 9445|0.0631|0.0630|0.0632|0.0633|0.0633|0.0633|0.0635|0.0631|0.0619|0.0608
 9450|0.0621|0.0620|0.0622|0.0623|0.0623|0.0624|0.0625|0.0622|0.0610|0.0599
 9455|0.0573|0.0572|0.0574|0.0575|0.0575|0.0576|0.0577|0.0574|0.0563|0.0553
 9460|0.0542|0.0541|0.0543|0.0544|0.0544|0.0544|0.0546|0.0543|0.0532|0.0523
 9465|0.0582|0.0581|0.0583|0.0585|0.0585|0.0585|0.0587|0.0584|0.0572|0.0562
 9470|0.0625|0.0623|0.0626|0.0628|0.0628|0.0628|0.0630|0.0627|0.0615|0.0604
 9475|0.0604|0.0602|0.0605|0.0607|0.0607|0.0607|0.0609|0.0606|0.0595|0.0584
 9480|0.0586|0.0585|0.0588|0.0589|0.0590|0.0590|0.0592|0.0589|0.0578|0.0568
 9485|0.0639|0.0638|0.0641|0.0643|0.0643|0.0644|0.0646|0.0643|0.0631|0.0619
 9490|0.0666|0.0664|0.0668|0.0670|0.0670|0.0670|0.0672|0.0669|0.0657|0.0645
 9495|0.0569|0.0567|0.0571|0.0572|0.0572|0.0573|0.0575|0.0572|0.0562|0.0552
 9500|0.0491|0.0489|0.0492|0.0494|0.0494|0.0494|0.0496|0.0494|0.0485|0.0476
 9505|0.0572|0.0571|0.0574|0.0576|0.0576|0.0577|0.0578|0.0576|0.0566|0.0556
 9510|0.0665|0.0664|0.0668|0.0670|0.0670|0.0671|0.0673|0.0670|0.0659|0.0647
 9515|0.0626|0.0624|0.0628|0.0630|0.0630|0.0631|0.0633|0.0630|0.0620|0.0609
 9520|0.0558|0.0556|0.0560|0.0561|0.0562|0.0562|0.0564|0.0562|0.0552|0.0542
 9525|0.0562|0.0561|0.0564|0.0566|0.0566|0.0567|0.0568|0.0566|0.0557|0.0547
 9530|0.0596|0.0594|0.0598|0.0600|0.0600|0.0601|0.0602|0.0600|0.0591|0.0580
 9535|0.0615|0.0614|0.0618|0.0620|0.0620|0.0621|0.0622|0.0620|0.0611|0.0600
 9540|0.0617|0.0616|0.0620|0.0621|0.0622|0.0622|0.0624|0.0622|0.0613|0.0602
 9545|0.0596|0.0595|0.0599|0.0600|0.0601|0.0601|0.0603|0.0601|0.0592|0.0582
 9550|0.0571|0.0569|0.0573|0.0575|0.0575|0.0576|0.0577|0.0576|0.0567|0.0558
 9555|0.0560|0.0558|0.0562|0.0564|0.0564|0.0564|0.0566|0.0564|0.0556|0.0547
 9560|0.0558|0.0557|0.0560|0.0562|0.0562|0.0563|0.0564|0.0562|0.0555|0.0545
 9565|0.0562|0.0560|0.0564|0.0566|0.0566|0.0566|0.0568|0.0566|0.0559|0.0550
 9570|0.0570|0.0569|0.0573|0.0574|0.0574|0.0575|0.0576|0.0575|0.0567|0.0558
 9575|0.0582|0.0580|0.0584|0.0586|0.0586|0.0586|0.0588|0.0586|0.0579|0.0570
 9580|0.0583|0.0582|0.0586|0.0587|0.0588|0.0588|0.0589|0.0588|0.0581|0.0571
 9585|0.0561|0.0560|0.0563|0.0565|0.0565|0.0565|0.0566|0.0565|0.0558|0.0550
 9590|0.0539|0.0538|0.0542|0.0543|0.0543|0.0543|0.0544|0.0543|0.0537|0.0529
 9595|0.0543|0.0542|0.0545|0.0547|0.0547|0.0547|0.0548|0.0547|0.0541|0.0533
 9600|0.0559|0.0558|0.0561|0.0563|0.0563|0.0563|0.0564|0.0563|0.0557|0.0549
 9605|0.0575|0.0573|0.0577|0.0578|0.0579|0.0579|0.0579|0.0578|0.0572|0.0564
 9610|0.0582|0.0581|0.0584|0.0586|0.0586|0.0586|0.0587|0.0586|0.0580|0.0572
 9615|0.0573|0.0572|0.0575|0.0576|0.0577|0.0577|0.0577|0.0576|0.0571|0.0563
 9620|0.0563|0.0562|0.0565|0.0566|0.0567|0.0567|0.0567|0.0566|0.0561|0.0554
 9625|0.0568|0.0567|0.0570|0.0571|0.0571|0.0571|0.0571|0.0571|0.0566|0.0559
 9630|0.0576|0.0574|0.0578|0.0579|0.0579|0.0579|0.0579|0.0578|0.0573|0.0567
 9635|0.0576|0.0575|0.0578|0.0579|0.0579|0.0579|0.0579|0.0578|0.0574|0.0567
 9640|0.0572|0.0571|0.0574|0.0575|0.0574|0.0574|0.0574|0.0574|0.0569|0.0563
 9645|0.0567|0.0566|0.0569|0.0570|0.0570|0.0569|0.0569|0.0569|0.0565|0.0559
 9650|0.0565|0.0564|0.0567|0.0567|0.0567|0.0567|0.0567|0.0566|0.0563|0.0557
 9655|0.0568|0.0567|0.0570|0.0571|0.0570|0.0570|0.0570|0.0569|0.0566|0.0560
 9660|0.0572|0.0571|0.0573|0.0574|0.0574|0.0573|0.0573|0.0572|0.0569|0.0564
 9665|0.0571|0.0570|0.0572|0.0573|0.0573|0.0572|0.0572|0.0571|0.0568|0.0563
 9670|0.0573|0.0572|0.0574|0.0574|0.0574|0.0574|0.0573|0.0573|0.0570|0.0565
 9675|0.0585|0.0584|0.0586|0.0586|0.0586|0.0585|0.0585|0.0584|0.0582|0.0577
 9680|0.0595|0.0594|0.0597|0.0597|0.0596|0.0596|0.0595|0.0594|0.0592|0.0587
 9685|0.0593|0.0592|0.0594|0.0595|0.0594|0.0594|0.0593|0.0592|0.0590|0.0585
 9690|0.0588|0.0587|0.0589|0.0589|0.0588|0.0588|0.0587|0.0586|0.0584|0.0580
 9695|0.0587|0.0586|0.0588|0.0588|0.0587|0.0586|0.0585|0.0585|0.0583|0.0579
 9700|0.0586|0.0585|0.0587|0.0587|0.0587|0.0586|0.0585|0.0584|0.0582|0.0579
 9705|0.0583|0.0582|0.0584|0.0584|0.0583|0.0582|0.0581|0.0580|0.0579|0.0575
 9710|0.0579|0.0578|0.0579|0.0579|0.0578|0.0578|0.0576|0.0576|0.0574|0.0571
 9715|0.0576|0.0575|0.0576|0.0576|0.0575|0.0574|0.0573|0.0572|0.0571|0.0568
 9720|0.0571|0.0570|0.0572|0.0571|0.0570|0.0570|0.0568|0.0567|0.0567|0.0564
 9725|0.0562|0.0561|0.0562|0.0562|0.0561|0.0560|0.0558|0.0557|0.0557|0.0554
 9730|0.0550|0.0549|0.0550|0.0550|0.0549|0.0548|0.0546|0.0546|0.0545|0.0543
 9735|0.0539|0.0539|0.0539|0.0539|0.0538|0.0537|0.0535|0.0535|0.0534|0.0532
 9740|0.0530|0.0529|0.0530|0.0529|0.0528|0.0527|0.0526|0.0525|0.0525|0.0523
 9745|0.0523|0.0522|0.0523|0.0522|0.0521|0.0520|0.0518|0.0518|0.0517|0.0516
 9750|0.0517|0.0517|0.0517|0.0516|0.0515|0.0514|0.0512|0.0512|0.0512|0.0511
 9755|0.0513|0.0513|0.0513|0.0512|0.0511|0.0510|0.0508|0.0507|0.0507|0.0506
 9760|0.0513|0.0513|0.0513|0.0512|0.0511|0.0510|0.0508|0.0507|0.0507|0.0506
 9765|0.0521|0.0520|0.0520|0.0519|0.0518|0.0517|0.0515|0.0514|0.0514|0.0514
 9770|0.0528|0.0528|0.0528|0.0527|0.0525|0.0524|0.0522|0.0521|0.0522|0.0521
 9775|0.0529|0.0529|0.0528|0.0527|0.0526|0.0525|0.0522|0.0521|0.0522|0.0522
 9780|0.0525|0.0525|0.0524|0.0523|0.0522|0.0521|0.0518|0.0517|0.0518|0.0518
 9785|0.0519|0.0519|0.0518|0.0517|0.0516|0.0514|0.0512|0.0511|0.0512|0.0512
 9790|0.0513|0.0513|0.0512|0.0511|0.0509|0.0508|0.0506|0.0505|0.0505|0.0506
 9795|0.0510|0.0509|0.0509|0.0507|0.0506|0.0505|0.0502|0.0501|0.0502|0.0502
 9800|0.0508|0.0508|0.0507|0.0506|0.0504|0.0503|0.0500|0.0499|0.0500|0.0500
 9805|0.0507|0.0507|0.0506|0.0504|0.0503|0.0501|0.0499|0.0498|0.0499|0.0499
 9810|0.0506|0.0505|0.0504|0.0503|0.0501|0.0500|0.0497|0.0496|0.0497|0.0498
 9815|0.0503|0.0503|0.0502|0.0500|0.0499|0.0497|0.0494|0.0494|0.0494|0.0495
 9820|0.0499|0.0499|0.0498|0.0496|0.0494|0.0493|0.0490|0.0489|0.0490|0.0491
 9825|0.0493|0.0492|0.0491|0.0490|0.0488|0.0487|0.0484|0.0483|0.0484|0.0485
 9830|0.0486|0.0486|0.0485|0.0483|0.0481|0.0480|0.0477|0.0476|0.0477|0.0478
 9835|0.0481|0.0481|0.0480|0.0478|0.0476|0.0475|0.0472|0.0471|0.0472|0.0473
 9840|0.0476|0.0476|0.0474|0.0473|0.0471|0.0470|0.0467|0.0466|0.0467|0.0468
 9845|0.0468|0.0468|0.0466|0.0465|0.0463|0.0462|0.0459|0.0458|0.0459|0.0460
 9850|0.0461|0.0461|0.0459|0.0458|0.0456|0.0455|0.0452|0.0451|0.0452|0.0453
 9855|0.0459|0.0458|0.0457|0.0455|0.0453|0.0452|0.0449|0.0448|0.0449|0.0450
 9860|0.0456|0.0456|0.0454|0.0452|0.0451|0.0449|0.0446|0.0445|0.0446|0.0447
 9865|0.0449|0.0449|0.0447|0.0445|0.0444|0.0442|0.0439|0.0438|0.0439|0.0440
 9870|0.0441|0.0441|0.0439|0.0437|0.0436|0.0434|0.0431|0.0430|0.0431|0.0432
 9875|0.0434|0.0434|0.0432|0.0431|0.0429|0.0428|0.0425|0.0424|0.0424|0.0425
 9880|0.0428|0.0428|0.0426|0.0424|0.0423|0.0422|0.0419|0.0418|0.0418|0.0419
 9885|0.0422|0.0422|0.0420|0.0418|0.0417|0.0415|0.0413|0.0411|0.0412|0.0413
 9890|0.0415|0.0415|0.0413|0.0412|0.0410|0.0409|0.0406|0.0405|0.0405|0.0406
 9895|0.0408|0.0408|0.0406|0.0404|0.0403|0.0402|0.0399|0.0398|0.0398|0.0399
 9900|0.0402|0.0401|0.0400|0.0398|0.0396|0.0395|0.0393|0.0391|0.0392|0.0393
 9905|0.0397|0.0397|0.0395|0.0393|0.0392|0.0391|0.0388|0.0387|0.0387|0.0388
 9910|0.0393|0.0393|0.0391|0.0390|0.0388|0.0387|0.0384|0.0383|0.0383|0.0384
 9915|0.0390|0.0390|0.0388|0.0386|0.0385|0.0383|0.0381|0.0380|0.0380|0.0381
 9920|0.0386|0.0386|0.0384|0.0382|0.0381|0.0380|0.0377|0.0376|0.0376|0.0377
 9925|0.0382|0.0382|0.0380|0.0379|0.0377|0.0376|0.0374|0.0372|0.0372|0.0373
 9930|0.0379|0.0379|0.0377|0.0375|0.0374|0.0372|0.0370|0.0369|0.0369|0.0369
 9935|0.0375|0.0375|0.0373|0.0372|0.0370|0.0369|0.0367|0.0366|0.0365|0.0366
 9940|0.0372|0.0372|0.0370|0.0369|0.0367|0.0366|0.0364|0.0362|0.0362|0.0363
 9945|0.0369|0.0369|0.0367|0.0365|0.0364|0.0363|0.0360|0.0359|0.0359|0.0359
 9950|0.0365|0.0365|0.0363|0.0362|0.0360|0.0359|0.0357|0.0355|0.0355|0.0356
 9955|0.0361|0.0361|0.0359|0.0358|0.0357|0.0355|0.0353|0.0352|0.0351|0.0352
 9960|0.0358|0.0358|0.0356|0.0354|0.0353|0.0352|0.0350|0.0348|0.0348|0.0348
 9965|0.0354|0.0354|0.0352|0.0351|0.0349|0.0348|0.0346|0.0345|0.0344|0.0345
 9970|0.0350|0.0350|0.0348|0.0347|0.0346|0.0345|0.0343|0.0341|0.0340|0.0341
 9975|0.0346|0.0346|0.0345|0.0343|0.0342|0.0341|0.0339|0.0338|0.0337|0.0337
 9980|0.0343|0.0343|0.0341|0.0340|0.0338|0.0337|0.0335|0.0334|0.0333|0.0333
 9985|0.0339|0.0339|0.0337|0.0336|0.0335|0.0334|0.0332|0.0330|0.0329|0.0330
 9990|0.0335|0.0335|0.0334|0.0332|0.0331|0.0330|0.0328|0.0327|0.0326|0.0326
 9995|0.0316|0.0316|0.0315|0.0313|0.0312|0.0311|0.0310|0.0308|0.0307|0.0307
10000|0.0185|0.0185|0.0184|0.0184|0.0183|0.0183|0.0182|0.0181|0.0180|0.0180
#---------------------------------------------------------------------------
