#Table: J/A+A/552/A124/tablee5.dat (cdsarc.u-strasbg.fr)
#---------------------------------------------------------------------------
#    l|      |      |      |      |      |      |      |      |      |
#ambda|  Tr00|  Tr23|  Tr47|  Tr70|  Tr93| Tr117| Tr140| Tr163| Tr186| Tr210
#-----|------|------|------|------|------|------|------|------|------|------
 5300|0.0000|0.0000|0.0000|0.0000|0.0000|0.0000|0.0000|0.0006|0.0002|0.0000
 5305|0.0000|0.0000|0.0000|0.0000|0.0000|0.0000|0.0000|0.0013|0.0007|0.0000
 5310|0.0000|0.0000|0.0000|0.0000|0.0000|0.0000|0.0001|0.0018|0.0014|0.0002
 5315|0.0000|0.0000|0.0000|0.0000|0.0000|0.0000|0.0007|0.0021|0.0019|0.0006
 5320|0.0000|0.0000|0.0000|0.0000|0.0000|0.0000|0.0014|0.0023|0.0022|0.0013
 5325|0.0000|0.0000|0.0000|0.0000|0.0000|0.0001|0.0019|0.0025|0.0024|0.0018
 5330|0.0000|0.0000|0.0000|0.0000|0.0000|0.0005|0.0022|0.0027|0.0026|0.0021
 5335|0.0000|0.0000|0.0000|0.0000|0.0001|0.0012|0.0024|0.0030|0.0029|0.0023
 5340|0.0000|0.0000|0.0000|0.0000|0.0005|0.0018|0.0027|0.0033|0.0031|0.0025
 5345|0.0000|0.0000|0.0000|0.0001|0.0012|0.0021|0.0029|0.0036|0.0034|0.0027
 5350|0.0000|0.0000|0.0000|0.0005|0.0018|0.0023|0.0032|0.0039|0.0038|0.0030
 5355|0.0000|0.0000|0.0000|0.0011|0.0021|0.0025|0.0035|0.0043|0.0041|0.0033
 5360|0.0000|0.0000|0.0001|0.0017|0.0023|0.0027|0.0038|0.0048|0.0046|0.0036
 5365|0.0000|0.0000|0.0004|0.0020|0.0025|0.0029|0.0042|0.0052|0.0050|0.0040
 5370|0.0000|0.0000|0.0011|0.0022|0.0027|0.0032|0.0046|0.0057|0.0055|0.0043
 5375|0.0000|0.0000|0.0017|0.0024|0.0029|0.0035|0.0050|0.0063|0.0061|0.0048
 5380|0.0003|0.0004|0.0021|0.0026|0.0032|0.0038|0.0055|0.0069|0.0067|0.0052
 5385|0.0010|0.0010|0.0023|0.0029|0.0035|0.0041|0.0060|0.0076|0.0073|0.0058
 5390|0.0016|0.0017|0.0025|0.0031|0.0038|0.0045|0.0066|0.0083|0.0081|0.0063
 5395|0.0020|0.0021|0.0027|0.0034|0.0042|0.0049|0.0072|0.0092|0.0089|0.0070
 5400|0.0022|0.0023|0.0029|0.0037|0.0045|0.0054|0.0079|0.0101|0.0098|0.0077
 5405|0.0024|0.0025|0.0032|0.0040|0.0049|0.0059|0.0086|0.0111|0.0108|0.0084
 5410|0.0026|0.0027|0.0034|0.0044|0.0054|0.0064|0.0095|0.0122|0.0119|0.0093
 5415|0.0028|0.0029|0.0037|0.0048|0.0059|0.0070|0.0104|0.0134|0.0131|0.0102
 5420|0.0031|0.0032|0.0041|0.0052|0.0065|0.0077|0.0115|0.0148|0.0144|0.0113
 5425|0.0034|0.0035|0.0044|0.0057|0.0071|0.0085|0.0126|0.0163|0.0159|0.0124
 5430|0.0037|0.0038|0.0049|0.0062|0.0077|0.0093|0.0139|0.0180|0.0176|0.0137
 5435|0.0040|0.0041|0.0053|0.0068|0.0085|0.0102|0.0153|0.0198|0.0194|0.0151
 5440|0.0043|0.0045|0.0058|0.0074|0.0093|0.0112|0.0168|0.0219|0.0214|0.0166
 5445|0.0047|0.0049|0.0063|0.0081|0.0102|0.0122|0.0185|0.0242|0.0237|0.0184
 5450|0.0051|0.0053|0.0069|0.0089|0.0111|0.0135|0.0204|0.0267|0.0262|0.0203
 5455|0.0056|0.0058|0.0075|0.0097|0.0122|0.0148|0.0225|0.0295|0.0290|0.0225
 5460|0.0061|0.0063|0.0082|0.0106|0.0134|0.0163|0.0248|0.0327|0.0322|0.0249
 5465|0.0067|0.0069|0.0090|0.0117|0.0148|0.0179|0.0274|0.0361|0.0356|0.0276
 5470|0.0073|0.0076|0.0099|0.0128|0.0162|0.0197|0.0302|0.0399|0.0395|0.0305
 5475|0.0080|0.0083|0.0108|0.0140|0.0178|0.0217|0.0333|0.0441|0.0437|0.0338
 5480|0.0087|0.0090|0.0118|0.0154|0.0196|0.0239|0.0367|0.0487|0.0484|0.0375
 5485|0.0095|0.0099|0.0130|0.0169|0.0216|0.0263|0.0405|0.0537|0.0535|0.0416
 5490|0.0104|0.0108|0.0142|0.0185|0.0237|0.0290|0.0446|0.0592|0.0591|0.0460
 5495|0.0114|0.0118|0.0156|0.0204|0.0261|0.0319|0.0491|0.0651|0.0652|0.0510
 5500|0.0125|0.0130|0.0171|0.0223|0.0287|0.0351|0.0540|0.0716|0.0719|0.0564
 5505|0.0137|0.0142|0.0187|0.0245|0.0315|0.0385|0.0593|0.0786|0.0791|0.0623
 5510|0.0149|0.0155|0.0205|0.0269|0.0346|0.0424|0.0650|0.0861|0.0868|0.0687
 5515|0.0164|0.0170|0.0225|0.0295|0.0380|0.0465|0.0713|0.0941|0.0952|0.0757
 5520|0.0179|0.0186|0.0246|0.0324|0.0417|0.0511|0.0780|0.1027|0.1041|0.0833
 5525|0.0196|0.0204|0.0270|0.0355|0.0457|0.0560|0.0852|0.1118|0.1137|0.0915
 5530|0.0215|0.0223|0.0296|0.0389|0.0501|0.0613|0.0930|0.1215|0.1238|0.1003
 5535|0.0235|0.0244|0.0324|0.0426|0.0549|0.0671|0.1012|0.1317|0.1344|0.1097
 5540|0.0258|0.0268|0.0355|0.0466|0.0601|0.0734|0.1100|0.1423|0.1456|0.1197
 5545|0.0282|0.0293|0.0388|0.0510|0.0657|0.0801|0.1193|0.1534|0.1572|0.1303
 5550|0.0309|0.0321|0.0425|0.0558|0.0717|0.0873|0.1291|0.1649|0.1692|0.1414
 5555|0.0338|0.0352|0.0466|0.0611|0.0783|0.0951|0.1394|0.1768|0.1816|0.1531
 5560|0.0370|0.0385|0.0510|0.0667|0.0854|0.1034|0.1502|0.1890|0.1942|0.1653
 5565|0.0405|0.0422|0.0558|0.0729|0.0930|0.1123|0.1614|0.2014|0.2070|0.1779
 5570|0.0444|0.0463|0.0610|0.0795|0.1011|0.1216|0.1730|0.2138|0.2198|0.1908
 5575|0.0486|0.0506|0.0666|0.0866|0.1097|0.1315|0.1849|0.2263|0.2325|0.2037
 5580|0.0531|0.0554|0.0727|0.0941|0.1188|0.1418|0.1969|0.2386|0.2448|0.2166
 5585|0.0581|0.0605|0.0792|0.1021|0.1283|0.1524|0.2089|0.2506|0.2568|0.2293
 5590|0.0634|0.0660|0.0861|0.1105|0.1382|0.1633|0.2210|0.2624|0.2683|0.2417
 5595|0.0690|0.0719|0.0934|0.1195|0.1485|0.1746|0.2331|0.2739|0.2793|0.2537
 5600|0.0752|0.0782|0.1013|0.1288|0.1592|0.1862|0.2452|0.2851|0.2898|0.2653
 5605|0.0817|0.0851|0.1096|0.1387|0.1702|0.1980|0.2571|0.2959|0.2999|0.2764
 5610|0.0888|0.0923|0.1184|0.1489|0.1816|0.2099|0.2689|0.3064|0.3094|0.2869
 5615|0.0963|0.1001|0.1277|0.1596|0.1932|0.2220|0.2805|0.3164|0.3183|0.2967
 5620|0.1043|0.1083|0.1374|0.1707|0.2051|0.2341|0.2918|0.3260|0.3267|0.3059
 5625|0.1127|0.1170|0.1476|0.1820|0.2171|0.2462|0.3027|0.3352|0.3347|0.3145
 5630|0.1216|0.1262|0.1582|0.1937|0.2293|0.2583|0.3134|0.3440|0.3422|0.3225
 5635|0.1311|0.1360|0.1693|0.2057|0.2415|0.2703|0.3237|0.3524|0.3494|0.3300
 5640|0.1410|0.1462|0.1807|0.2179|0.2537|0.2821|0.3336|0.3604|0.3562|0.3371
 5645|0.1514|0.1569|0.1924|0.2302|0.2658|0.2937|0.3431|0.3679|0.3626|0.3437
 5650|0.1622|0.1679|0.2044|0.2426|0.2778|0.3050|0.3521|0.3750|0.3688|0.3500
 5655|0.1735|0.1794|0.2166|0.2550|0.2897|0.3160|0.3607|0.3816|0.3746|0.3560
 5660|0.1850|0.1911|0.2290|0.2674|0.3013|0.3266|0.3688|0.3879|0.3802|0.3617
 5665|0.1969|0.2032|0.2415|0.2796|0.3125|0.3368|0.3764|0.3937|0.3855|0.3673
 5670|0.2090|0.2154|0.2539|0.2916|0.3234|0.3465|0.3835|0.3990|0.3905|0.3726
 5675|0.2213|0.2279|0.2664|0.3034|0.3339|0.3558|0.3901|0.4039|0.3952|0.3777
 5680|0.2338|0.2405|0.2788|0.3149|0.3440|0.3646|0.3962|0.4083|0.3997|0.3827
 5685|0.2464|0.2532|0.2912|0.3262|0.3537|0.3730|0.4018|0.4123|0.4038|0.3875
 5690|0.2591|0.2660|0.3033|0.3370|0.3629|0.3808|0.4069|0.4158|0.4075|0.3921
 5695|0.2718|0.2785|0.3150|0.3472|0.3714|0.3879|0.4113|0.4188|0.4108|0.3963
 5700|0.2842|0.2905|0.3261|0.3567|0.3790|0.3943|0.4150|0.4210|0.4135|0.4001
 5705|0.2961|0.3022|0.3367|0.3655|0.3860|0.3999|0.4180|0.4227|0.4157|0.4034
 5710|0.3077|0.3137|0.3468|0.3737|0.3924|0.4049|0.4205|0.4238|0.4175|0.4065
 5715|0.3190|0.3249|0.3564|0.3813|0.3981|0.4094|0.4224|0.4244|0.4189|0.4092
 5720|0.3300|0.3356|0.3655|0.3882|0.4032|0.4132|0.4237|0.4245|0.4198|0.4116
 5725|0.3404|0.3458|0.3739|0.3944|0.4075|0.4164|0.4243|0.4239|0.4201|0.4135
 5730|0.3503|0.3554|0.3817|0.3999|0.4112|0.4188|0.4244|0.4228|0.4200|0.4149
 5735|0.3597|0.3644|0.3888|0.4046|0.4141|0.4207|0.4239|0.4212|0.4194|0.4159
 5740|0.3685|0.3728|0.3952|0.4087|0.4164|0.4219|0.4228|0.4190|0.4183|0.4165
 5745|0.3765|0.3806|0.4009|0.4120|0.4180|0.4224|0.4212|0.4164|0.4167|0.4166
 5750|0.3840|0.3876|0.4059|0.4146|0.4189|0.4224|0.4190|0.4134|0.4146|0.4162
 5755|0.3907|0.3939|0.4102|0.4164|0.4192|0.4218|0.4165|0.4100|0.4121|0.4153
 5760|0.3966|0.3994|0.4137|0.4176|0.4189|0.4206|0.4136|0.4063|0.4091|0.4140
 5765|0.4018|0.4041|0.4165|0.4181|0.4179|0.4188|0.4103|0.4023|0.4057|0.4120
 5770|0.4061|0.4080|0.4185|0.4179|0.4164|0.4166|0.4067|0.3981|0.4018|0.4095
 5775|0.4095|0.4110|0.4197|0.4170|0.4143|0.4138|0.4028|0.3938|0.3976|0.4065
 5780|0.4121|0.4133|0.4202|0.4156|0.4119|0.4107|0.3988|0.3894|0.3931|0.4029
 5785|0.4140|0.4148|0.4200|0.4137|0.4090|0.4073|0.3948|0.3851|0.3885|0.3989
 5790|0.4151|0.4155|0.4193|0.4115|0.4060|0.4037|0.3908|0.3811|0.3838|0.3946
 5795|0.4155|0.4156|0.4180|0.4090|0.4028|0.4000|0.3870|0.3773|0.3791|0.3899
 5800|0.4154|0.4152|0.4164|0.4064|0.3997|0.3964|0.3836|0.3739|0.3747|0.3852
 5805|0.4149|0.4144|0.4145|0.4039|0.3967|0.3930|0.3807|0.3712|0.3706|0.3806
 5810|0.4139|0.4132|0.4125|0.4014|0.3940|0.3900|0.3782|0.3689|0.3670|0.3761
 5815|0.4126|0.4117|0.4102|0.3990|0.3915|0.3872|0.3761|0.3672|0.3637|0.3717
 5820|0.4110|0.4100|0.4079|0.3968|0.3893|0.3847|0.3745|0.3660|0.3609|0.3675
 5825|0.4093|0.4081|0.4055|0.3948|0.3873|0.3826|0.3734|0.3653|0.3586|0.3636
 5830|0.4074|0.4062|0.4033|0.3931|0.3858|0.3809|0.3727|0.3651|0.3569|0.3602
 5835|0.4056|0.4043|0.4011|0.3917|0.3846|0.3796|0.3726|0.3654|0.3556|0.3571
 5840|0.4038|0.4025|0.3992|0.3906|0.3838|0.3788|0.3729|0.3662|0.3550|0.3546
 5845|0.4022|0.4009|0.3975|0.3898|0.3834|0.3784|0.3736|0.3673|0.3548|0.3526
 5850|0.4007|0.3995|0.3961|0.3894|0.3834|0.3784|0.3747|0.3689|0.3552|0.3512
 5855|0.3995|0.3984|0.3950|0.3893|0.3837|0.3788|0.3761|0.3708|0.3561|0.3503
 5860|0.3986|0.3975|0.3942|0.3896|0.3844|0.3796|0.3778|0.3729|0.3574|0.3500
 5865|0.3979|0.3969|0.3937|0.3901|0.3853|0.3807|0.3797|0.3751|0.3591|0.3502
 5870|0.3974|0.3964|0.3934|0.3906|0.3863|0.3818|0.3815|0.3773|0.3610|0.3507
 5875|0.3968|0.3959|0.3930|0.3910|0.3871|0.3829|0.3831|0.3792|0.3628|0.3515
 5880|0.3960|0.3952|0.3924|0.3911|0.3875|0.3835|0.3842|0.3805|0.3644|0.3523
 5885|0.3947|0.3940|0.3913|0.3906|0.3873|0.3836|0.3846|0.3811|0.3653|0.3528
 5890|0.3939|0.3932|0.3907|0.3903|0.3874|0.3840|0.3851|0.3817|0.3665|0.3538
 5895|0.3944|0.3938|0.3913|0.3912|0.3885|0.3854|0.3865|0.3832|0.3688|0.3560
 5900|0.3958|0.3953|0.3928|0.3928|0.3904|0.3875|0.3887|0.3854|0.3717|0.3591
 5905|0.3980|0.3975|0.3950|0.3950|0.3928|0.3902|0.3913|0.3881|0.3752|0.3630
 5910|0.3998|0.3993|0.3969|0.3967|0.3947|0.3924|0.3933|0.3901|0.3781|0.3665
 5915|0.4002|0.3997|0.3973|0.3969|0.3951|0.3930|0.3939|0.3907|0.3795|0.3687
 5920|0.4007|0.4002|0.3978|0.3971|0.3955|0.3937|0.3944|0.3913|0.3808|0.3708
 5925|0.4027|0.4021|0.3998|0.3989|0.3974|0.3958|0.3964|0.3934|0.3835|0.3743
 5930|0.4046|0.4040|0.4017|0.4005|0.3992|0.3978|0.3983|0.3954|0.3861|0.3777
 5935|0.4047|0.4040|0.4018|0.4003|0.3992|0.3980|0.3986|0.3958|0.3869|0.3793
 5940|0.4037|0.4031|0.4009|0.3993|0.3984|0.3974|0.3980|0.3955|0.3868|0.3799
 5945|0.4026|0.4019|0.3999|0.3982|0.3975|0.3966|0.3974|0.3951|0.3866|0.3802
 5950|0.4019|0.4012|0.3994|0.3977|0.3972|0.3964|0.3975|0.3954|0.3870|0.3810
 5955|0.4024|0.4017|0.4000|0.3984|0.3982|0.3975|0.3990|0.3972|0.3887|0.3828
 5960|0.4029|0.4022|0.4008|0.3994|0.3994|0.3989|0.4007|0.3993|0.3906|0.3847
 5965|0.4025|0.4018|0.4007|0.3996|0.3998|0.3994|0.4017|0.4006|0.3918|0.3856
 5970|0.4019|0.4013|0.4005|0.3998|0.4003|0.3999|0.4027|0.4020|0.3930|0.3865
 5975|0.4021|0.4016|0.4010|0.4008|0.4015|0.4013|0.4046|0.4043|0.3951|0.3881
 5980|0.4026|0.4020|0.4018|0.4023|0.4032|0.4030|0.4068|0.4070|0.3976|0.3901
 5985|0.4029|0.4024|0.4026|0.4036|0.4048|0.4046|0.4090|0.4096|0.4001|0.3919
 5990|0.4032|0.4028|0.4034|0.4050|0.4064|0.4063|0.4113|0.4124|0.4027|0.3938
 5995|0.4037|0.4033|0.4043|0.4066|0.4082|0.4082|0.4137|0.4153|0.4055|0.3960
 6000|0.4043|0.4041|0.4054|0.4084|0.4102|0.4102|0.4162|0.4183|0.4086|0.3983
 6005|0.4052|0.4050|0.4067|0.4104|0.4122|0.4124|0.4188|0.4214|0.4118|0.4009
 6010|0.4062|0.4061|0.4081|0.4124|0.4144|0.4146|0.4215|0.4246|0.4152|0.4037
 6015|0.4072|0.4072|0.4096|0.4144|0.4165|0.4168|0.4241|0.4277|0.4186|0.4065
 6020|0.4085|0.4086|0.4112|0.4165|0.4187|0.4191|0.4268|0.4309|0.4221|0.4096
 6025|0.4100|0.4102|0.4131|0.4188|0.4211|0.4216|0.4296|0.4341|0.4258|0.4130
 6030|0.4117|0.4119|0.4151|0.4211|0.4235|0.4241|0.4325|0.4374|0.4295|0.4165
 6035|0.4136|0.4138|0.4172|0.4235|0.4259|0.4266|0.4354|0.4407|0.4333|0.4201
 6040|0.4155|0.4158|0.4193|0.4259|0.4283|0.4292|0.4382|0.4439|0.4370|0.4238
 6045|0.4176|0.4179|0.4216|0.4282|0.4308|0.4318|0.4411|0.4471|0.4406|0.4275
 6050|0.4198|0.4201|0.4239|0.4306|0.4332|0.4344|0.4439|0.4502|0.4443|0.4313
 6055|0.4221|0.4224|0.4263|0.4330|0.4357|0.4371|0.4468|0.4534|0.4480|0.4352
 6060|0.4245|0.4248|0.4287|0.4355|0.4382|0.4398|0.4496|0.4566|0.4516|0.4391
 6065|0.4269|0.4273|0.4312|0.4379|0.4408|0.4425|0.4525|0.4597|0.4551|0.4430
 6070|0.4293|0.4297|0.4336|0.4402|0.4433|0.4452|0.4553|0.4627|0.4586|0.4468
 6075|0.4318|0.4322|0.4361|0.4426|0.4457|0.4478|0.4580|0.4655|0.4619|0.4506
 6080|0.4341|0.4346|0.4385|0.4448|0.4481|0.4504|0.4606|0.4681|0.4650|0.4543
 6085|0.4365|0.4369|0.4408|0.4470|0.4504|0.4529|0.4631|0.4706|0.4680|0.4578
 6090|0.4387|0.4392|0.4430|0.4490|0.4526|0.4553|0.4653|0.4728|0.4707|0.4612
 6095|0.4409|0.4414|0.4452|0.4509|0.4547|0.4576|0.4674|0.4748|0.4732|0.4644
 6100|0.4430|0.4435|0.4473|0.4528|0.4567|0.4597|0.4693|0.4765|0.4756|0.4675
 6105|0.4453|0.4458|0.4495|0.4548|0.4588|0.4619|0.4712|0.4783|0.4779|0.4705
 6110|0.4476|0.4480|0.4516|0.4567|0.4608|0.4641|0.4730|0.4798|0.4801|0.4735
 6115|0.4497|0.4502|0.4537|0.4585|0.4627|0.4661|0.4746|0.4812|0.4821|0.4762
 6120|0.4518|0.4523|0.4557|0.4602|0.4645|0.4680|0.4760|0.4823|0.4838|0.4788
 6125|0.4537|0.4542|0.4575|0.4617|0.4661|0.4696|0.4772|0.4832|0.4852|0.4811
 6130|0.4555|0.4560|0.4592|0.4631|0.4675|0.4710|0.4781|0.4838|0.4863|0.4831
 6135|0.4572|0.4577|0.4607|0.4643|0.4687|0.4723|0.4788|0.4843|0.4872|0.4848
 6140|0.4586|0.4592|0.4621|0.4654|0.4698|0.4733|0.4794|0.4847|0.4879|0.4863
 6145|0.4599|0.4605|0.4633|0.4663|0.4707|0.4741|0.4798|0.4848|0.4884|0.4875
 6150|0.4611|0.4617|0.4644|0.4672|0.4715|0.4748|0.4802|0.4850|0.4886|0.4884
 6155|0.4623|0.4629|0.4654|0.4680|0.4723|0.4755|0.4806|0.4852|0.4889|0.4892
 6160|0.4633|0.4639|0.4663|0.4688|0.4730|0.4760|0.4809|0.4855|0.4890|0.4898
 6165|0.4642|0.4647|0.4670|0.4694|0.4736|0.4765|0.4813|0.4857|0.4889|0.4902
 6170|0.4650|0.4655|0.4677|0.4701|0.4742|0.4769|0.4816|0.4860|0.4889|0.4904
 6175|0.4657|0.4662|0.4683|0.4707|0.4749|0.4774|0.4821|0.4864|0.4889|0.4905
 6180|0.4664|0.4669|0.4689|0.4714|0.4756|0.4779|0.4827|0.4870|0.4889|0.4905
 6185|0.4670|0.4675|0.4694|0.4721|0.4763|0.4785|0.4834|0.4876|0.4889|0.4904
 6190|0.4676|0.4681|0.4700|0.4729|0.4770|0.4791|0.4842|0.4884|0.4890|0.4903
 6195|0.4683|0.4688|0.4706|0.4738|0.4779|0.4798|0.4851|0.4893|0.4893|0.4903
 6200|0.4690|0.4695|0.4713|0.4748|0.4789|0.4807|0.4862|0.4904|0.4897|0.4903
 6205|0.4698|0.4703|0.4720|0.4758|0.4800|0.4817|0.4874|0.4915|0.4902|0.4903
 6210|0.4707|0.4711|0.4728|0.4769|0.4811|0.4828|0.4887|0.4927|0.4907|0.4904
 6215|0.4716|0.4720|0.4737|0.4781|0.4823|0.4840|0.4900|0.4939|0.4914|0.4906
 6220|0.4726|0.4731|0.4747|0.4794|0.4835|0.4852|0.4914|0.4951|0.4921|0.4909
 6225|0.4737|0.4741|0.4758|0.4807|0.4848|0.4865|0.4928|0.4963|0.4929|0.4913
 6230|0.4749|0.4753|0.4769|0.4820|0.4861|0.4879|0.4941|0.4975|0.4937|0.4917
 6235|0.4762|0.4766|0.4781|0.4833|0.4874|0.4893|0.4954|0.4986|0.4945|0.4922
 6240|0.4775|0.4779|0.4794|0.4846|0.4887|0.4907|0.4967|0.4996|0.4953|0.4928
 6245|0.4789|0.4792|0.4807|0.4859|0.4899|0.4920|0.4978|0.5005|0.4960|0.4934
 6250|0.4803|0.4806|0.4819|0.4870|0.4911|0.4933|0.4989|0.5012|0.4967|0.4940
 6255|0.4816|0.4818|0.4831|0.4880|0.4921|0.4944|0.4997|0.5018|0.4972|0.4945
 6260|0.4828|0.4829|0.4841|0.4888|0.4929|0.4953|0.5003|0.5020|0.4975|0.4949
 6265|0.4835|0.4836|0.4847|0.4892|0.4932|0.4957|0.5004|0.5018|0.4974|0.4948
 6270|0.4813|0.4814|0.4823|0.4866|0.4906|0.4931|0.4975|0.4986|0.4943|0.4918
 6275|0.4736|0.4737|0.4745|0.4784|0.4823|0.4849|0.4889|0.4897|0.4855|0.4832
 6280|0.4679|0.4679|0.4686|0.4722|0.4761|0.4786|0.4823|0.4828|0.4787|0.4766
 6285|0.4718|0.4718|0.4724|0.4758|0.4798|0.4823|0.4857|0.4860|0.4818|0.4799
 6290|0.4784|0.4783|0.4789|0.4822|0.4862|0.4888|0.4919|0.4919|0.4877|0.4859
 6295|0.4808|0.4807|0.4812|0.4844|0.4885|0.4910|0.4939|0.4936|0.4893|0.4877
 6300|0.4814|0.4813|0.4818|0.4849|0.4890|0.4915|0.4941|0.4935|0.4892|0.4877
 6305|0.4825|0.4824|0.4829|0.4861|0.4902|0.4925|0.4949|0.4940|0.4896|0.4882
 6310|0.4837|0.4836|0.4841|0.4874|0.4915|0.4937|0.4959|0.4946|0.4901|0.4888
 6315|0.4846|0.4845|0.4851|0.4885|0.4926|0.4947|0.4965|0.4948|0.4903|0.4891
 6320|0.4854|0.4853|0.4860|0.4895|0.4936|0.4955|0.4970|0.4949|0.4903|0.4892
 6325|0.4863|0.4863|0.4870|0.4908|0.4947|0.4964|0.4975|0.4950|0.4904|0.4894
 6330|0.4872|0.4872|0.4880|0.4919|0.4958|0.4973|0.4979|0.4949|0.4903|0.4894
 6335|0.4878|0.4878|0.4887|0.4928|0.4965|0.4977|0.4978|0.4943|0.4897|0.4891
 6340|0.4882|0.4883|0.4892|0.4935|0.4969|0.4979|0.4974|0.4933|0.4888|0.4884
 6345|0.4885|0.4886|0.4896|0.4941|0.4970|0.4978|0.4966|0.4920|0.4876|0.4874
 6350|0.4890|0.4891|0.4901|0.4946|0.4972|0.4977|0.4957|0.4904|0.4862|0.4864
 6355|0.4897|0.4898|0.4909|0.4953|0.4974|0.4977|0.4949|0.4890|0.4849|0.4854
 6360|0.4906|0.4907|0.4918|0.4961|0.4976|0.4976|0.4939|0.4873|0.4835|0.4844
 6365|0.4914|0.4915|0.4926|0.4966|0.4976|0.4972|0.4926|0.4854|0.4818|0.4831
 6370|0.4923|0.4924|0.4934|0.4970|0.4974|0.4967|0.4912|0.4834|0.4800|0.4817
 6375|0.4933|0.4933|0.4942|0.4974|0.4971|0.4961|0.4896|0.4813|0.4780|0.4801
 6380|0.4942|0.4942|0.4949|0.4975|0.4967|0.4952|0.4879|0.4790|0.4758|0.4784
 6385|0.4950|0.4949|0.4954|0.4974|0.4958|0.4941|0.4859|0.4765|0.4733|0.4763
 6390|0.4957|0.4955|0.4959|0.4971|0.4949|0.4928|0.4838|0.4739|0.4708|0.4741
 6395|0.4966|0.4963|0.4964|0.4969|0.4941|0.4916|0.4819|0.4717|0.4684|0.4720
 6400|0.4974|0.4971|0.4969|0.4966|0.4933|0.4904|0.4801|0.4695|0.4660|0.4698
 6405|0.4981|0.4977|0.4972|0.4961|0.4923|0.4890|0.4782|0.4673|0.4635|0.4675
 6410|0.4986|0.4980|0.4973|0.4955|0.4912|0.4875|0.4763|0.4652|0.4611|0.4650
 6415|0.4989|0.4982|0.4973|0.4947|0.4901|0.4860|0.4745|0.4632|0.4587|0.4625
 6420|0.4991|0.4983|0.4971|0.4939|0.4889|0.4846|0.4728|0.4614|0.4564|0.4599
 6425|0.4991|0.4982|0.4968|0.4931|0.4878|0.4831|0.4712|0.4598|0.4542|0.4574
 6430|0.4990|0.4980|0.4964|0.4922|0.4868|0.4817|0.4698|0.4583|0.4521|0.4550
 6435|0.4988|0.4977|0.4960|0.4915|0.4859|0.4805|0.4686|0.4570|0.4503|0.4527
 6440|0.4985|0.4974|0.4955|0.4908|0.4850|0.4793|0.4675|0.4559|0.4486|0.4505
 6445|0.4981|0.4969|0.4949|0.4901|0.4843|0.4783|0.4666|0.4550|0.4471|0.4484
 6450|0.4975|0.4963|0.4942|0.4894|0.4834|0.4772|0.4656|0.4540|0.4455|0.4463
 6455|0.4965|0.4953|0.4931|0.4883|0.4823|0.4759|0.4644|0.4527|0.4439|0.4441
 6460|0.4954|0.4941|0.4920|0.4872|0.4812|0.4746|0.4631|0.4515|0.4422|0.4419
 6465|0.4944|0.4931|0.4909|0.4863|0.4801|0.4734|0.4620|0.4502|0.4407|0.4398
 6470|0.4933|0.4919|0.4897|0.4852|0.4790|0.4721|0.4606|0.4489|0.4392|0.4379
 6475|0.4919|0.4905|0.4883|0.4839|0.4775|0.4706|0.4590|0.4472|0.4375|0.4358
 6480|0.4908|0.4893|0.4872|0.4827|0.4761|0.4692|0.4575|0.4456|0.4359|0.4340
 6485|0.4905|0.4890|0.4868|0.4823|0.4755|0.4685|0.4566|0.4447|0.4351|0.4330
 6490|0.4908|0.4893|0.4870|0.4823|0.4752|0.4683|0.4561|0.4441|0.4347|0.4325
 6495|0.4915|0.4899|0.4876|0.4826|0.4751|0.4682|0.4558|0.4437|0.4346|0.4323
 6500|0.4922|0.4907|0.4882|0.4827|0.4749|0.4681|0.4554|0.4433|0.4344|0.4323
 6505|0.4927|0.4911|0.4885|0.4825|0.4743|0.4676|0.4545|0.4424|0.4339|0.4319
 6510|0.4920|0.4903|0.4876|0.4809|0.4724|0.4658|0.4525|0.4404|0.4323|0.4306
 6515|0.4894|0.4876|0.4847|0.4773|0.4684|0.4621|0.4486|0.4366|0.4289|0.4275
 6520|0.4873|0.4855|0.4824|0.4741|0.4649|0.4588|0.4451|0.4333|0.4260|0.4249
 6525|0.4885|0.4866|0.4831|0.4740|0.4645|0.4585|0.4447|0.4330|0.4260|0.4253
 6530|0.4902|0.4882|0.4845|0.4743|0.4645|0.4587|0.4448|0.4333|0.4266|0.4261
 6535|0.4899|0.4878|0.4837|0.4726|0.4626|0.4570|0.4431|0.4320|0.4254|0.4253
 6540|0.4881|0.4859|0.4815|0.4695|0.4594|0.4540|0.4403|0.4295|0.4232|0.4233
 6545|0.4854|0.4830|0.4784|0.4656|0.4554|0.4503|0.4369|0.4265|0.4204|0.4207
 6550|0.4826|0.4802|0.4753|0.4617|0.4516|0.4467|0.4336|0.4238|0.4177|0.4182
 6555|0.4808|0.4782|0.4731|0.4588|0.4488|0.4441|0.4315|0.4221|0.4162|0.4167
 6560|0.4790|0.4764|0.4710|0.4561|0.4462|0.4419|0.4297|0.4208|0.4150|0.4156
 6565|0.4767|0.4739|0.4684|0.4530|0.4434|0.4393|0.4276|0.4194|0.4136|0.4142
 6570|0.4741|0.4713|0.4655|0.4498|0.4405|0.4367|0.4256|0.4179|0.4122|0.4128
 6575|0.4716|0.4687|0.4629|0.4469|0.4379|0.4345|0.4239|0.4168|0.4113|0.4118
 6580|0.4690|0.4661|0.4601|0.4440|0.4353|0.4323|0.4223|0.4159|0.4105|0.4109
 6585|0.4660|0.4631|0.4571|0.4410|0.4326|0.4300|0.4205|0.4148|0.4097|0.4100
 6590|0.4628|0.4598|0.4538|0.4377|0.4298|0.4275|0.4187|0.4136|0.4089|0.4091
 6595|0.4593|0.4563|0.4503|0.4344|0.4268|0.4250|0.4167|0.4123|0.4081|0.4083
 6600|0.4557|0.4528|0.4468|0.4311|0.4239|0.4225|0.4147|0.4110|0.4073|0.4076
 6605|0.4521|0.4493|0.4434|0.4278|0.4210|0.4201|0.4127|0.4097|0.4068|0.4071
 6610|0.4486|0.4457|0.4400|0.4246|0.4181|0.4177|0.4108|0.4085|0.4064|0.4068
 6615|0.4449|0.4421|0.4365|0.4214|0.4151|0.4153|0.4087|0.4072|0.4059|0.4065
 6620|0.4411|0.4384|0.4330|0.4181|0.4121|0.4127|0.4066|0.4058|0.4055|0.4064
 6625|0.4373|0.4347|0.4295|0.4147|0.4090|0.4101|0.4044|0.4043|0.4051|0.4063
 6630|0.4334|0.4309|0.4259|0.4113|0.4058|0.4075|0.4021|0.4029|0.4048|0.4063
 6635|0.4295|0.4271|0.4223|0.4079|0.4027|0.4048|0.3998|0.4015|0.4044|0.4063
 6640|0.4255|0.4233|0.4186|0.4044|0.3994|0.4020|0.3975|0.4000|0.4041|0.4064
 6645|0.4215|0.4193|0.4149|0.4009|0.3961|0.3992|0.3952|0.3986|0.4037|0.4064
 6650|0.4173|0.4153|0.4111|0.3973|0.3928|0.3963|0.3929|0.3972|0.4034|0.4064
 6655|0.4132|0.4112|0.4073|0.3938|0.3896|0.3934|0.3907|0.3960|0.4031|0.4065
 6660|0.4090|0.4072|0.4035|0.3904|0.3865|0.3906|0.3887|0.3949|0.4029|0.4066
 6665|0.4048|0.4031|0.3997|0.3870|0.3834|0.3879|0.3867|0.3940|0.4028|0.4067
 6670|0.4006|0.3990|0.3959|0.3836|0.3805|0.3852|0.3850|0.3933|0.4027|0.4068
 6675|0.3964|0.3949|0.3922|0.3804|0.3777|0.3827|0.3835|0.3929|0.4029|0.4070
 6680|0.3922|0.3908|0.3884|0.3773|0.3750|0.3803|0.3822|0.3926|0.4032|0.4072
 6685|0.3881|0.3868|0.3847|0.3743|0.3725|0.3781|0.3811|0.3926|0.4036|0.4075
 6690|0.3841|0.3829|0.3812|0.3716|0.3703|0.3761|0.3803|0.3929|0.4042|0.4079
 6695|0.3802|0.3791|0.3778|0.3690|0.3683|0.3744|0.3798|0.3934|0.4051|0.4085
 6700|0.3765|0.3755|0.3745|0.3667|0.3665|0.3729|0.3795|0.3942|0.4061|0.4092
 6705|0.3728|0.3720|0.3714|0.3644|0.3648|0.3714|0.3793|0.3950|0.4072|0.4099
 6710|0.3694|0.3687|0.3684|0.3623|0.3633|0.3702|0.3793|0.3959|0.4084|0.4107
 6715|0.3662|0.3656|0.3657|0.3605|0.3621|0.3693|0.3796|0.3971|0.4098|0.4117
 6720|0.3633|0.3628|0.3631|0.3588|0.3609|0.3686|0.3800|0.3985|0.4114|0.4129
 6725|0.3606|0.3602|0.3608|0.3572|0.3599|0.3680|0.3805|0.4000|0.4132|0.4143
 6730|0.3581|0.3578|0.3586|0.3558|0.3590|0.3676|0.3812|0.4016|0.4151|0.4158
 6735|0.3559|0.3557|0.3567|0.3544|0.3582|0.3673|0.3821|0.4035|0.4171|0.4174
 6740|0.3539|0.3537|0.3549|0.3531|0.3574|0.3671|0.3831|0.4055|0.4192|0.4192
 6745|0.3520|0.3518|0.3531|0.3518|0.3567|0.3670|0.3842|0.4078|0.4214|0.4211
 6750|0.3502|0.3501|0.3515|0.3505|0.3560|0.3669|0.3856|0.4104|0.4238|0.4230
 6755|0.3485|0.3484|0.3499|0.3492|0.3554|0.3670|0.3873|0.4133|0.4263|0.4251
 6760|0.3469|0.3469|0.3484|0.3479|0.3548|0.3672|0.3893|0.4167|0.4291|0.4273
 6765|0.3454|0.3453|0.3470|0.3467|0.3545|0.3676|0.3918|0.4206|0.4320|0.4297
 6770|0.3439|0.3438|0.3455|0.3456|0.3545|0.3683|0.3949|0.4250|0.4352|0.4321
 6775|0.3424|0.3423|0.3441|0.3447|0.3547|0.3693|0.3986|0.4300|0.4385|0.4347
 6780|0.3409|0.3408|0.3428|0.3439|0.3554|0.3708|0.4030|0.4355|0.4420|0.4373
 6785|0.3394|0.3393|0.3415|0.3436|0.3567|0.3728|0.4083|0.4413|0.4455|0.4401
 6790|0.3379|0.3379|0.3403|0.3437|0.3588|0.3755|0.4145|0.4472|0.4488|0.4429
 6795|0.3365|0.3365|0.3393|0.3443|0.3617|0.3791|0.4216|0.4528|0.4518|0.4456
 6800|0.3351|0.3352|0.3386|0.3457|0.3656|0.3837|0.4294|0.4574|0.4538|0.4482
 6805|0.3340|0.3342|0.3382|0.3480|0.3707|0.3893|0.4375|0.4601|0.4544|0.4503
 6810|0.3332|0.3335|0.3383|0.3514|0.3772|0.3961|0.4455|0.4600|0.4528|0.4516
 6815|0.3328|0.3332|0.3390|0.3559|0.3849|0.4040|0.4526|0.4560|0.4483|0.4517
 6820|0.3329|0.3335|0.3404|0.3617|0.3941|0.4130|0.4578|0.4471|0.4402|0.4499
 6825|0.3336|0.3345|0.3426|0.3690|0.4044|0.4227|0.4599|0.4325|0.4278|0.4456
 6830|0.3352|0.3364|0.3459|0.3778|0.4157|0.4328|0.4576|0.4121|0.4107|0.4382
 6835|0.3377|0.3392|0.3504|0.3881|0.4274|0.4424|0.4497|0.3861|0.3889|0.4270
 6840|0.3414|0.3433|0.3561|0.3997|0.4386|0.4506|0.4356|0.3553|0.3628|0.4117
 6845|0.3464|0.3486|0.3633|0.4122|0.4480|0.4559|0.4147|0.3213|0.3332|0.3919
 6850|0.3528|0.3555|0.3719|0.4250|0.4543|0.4570|0.3877|0.2857|0.3014|0.3680
 6855|0.3603|0.3634|0.3813|0.4365|0.4553|0.4520|0.3553|0.2499|0.2683|0.3403
 6860|0.3602|0.3636|0.3820|0.4348|0.4391|0.4298|0.3124|0.2109|0.2305|0.3030
 6865|0.3420|0.3453|0.3626|0.4066|0.3945|0.3804|0.2556|0.1669|0.1853|0.2520
 6870|0.3260|0.3292|0.3445|0.3758|0.3471|0.3294|0.2047|0.1301|0.1466|0.2056
 6875|0.3344|0.3377|0.3507|0.3674|0.3210|0.2999|0.1734|0.1081|0.1235|0.1778
 6880|0.3533|0.3563|0.3658|0.3637|0.3002|0.2766|0.1506|0.0929|0.1072|0.1575
 6885|0.3681|0.3704|0.3745|0.3491|0.2720|0.2475|0.1283|0.0788|0.0918|0.1369
 6890|0.3791|0.3802|0.3770|0.3259|0.2403|0.2163|0.1080|0.0665|0.0779|0.1173
 6895|0.3870|0.3864|0.3745|0.2977|0.2086|0.1862|0.0907|0.0562|0.0661|0.1001
 6900|0.3949|0.3920|0.3707|0.2692|0.1805|0.1601|0.0769|0.0481|0.0567|0.0860
 6905|0.4062|0.4004|0.3693|0.2445|0.1582|0.1398|0.0669|0.0423|0.0500|0.0756
 6910|0.4105|0.4015|0.3617|0.2192|0.1381|0.1218|0.0585|0.0375|0.0443|0.0667
 6915|0.3987|0.3868|0.3411|0.1903|0.1179|0.1039|0.0504|0.0328|0.0386|0.0578
 6920|0.3746|0.3606|0.3125|0.1619|0.0994|0.0876|0.0432|0.0285|0.0335|0.0497
 6925|0.3430|0.3279|0.2803|0.1367|0.0837|0.0738|0.0370|0.0248|0.0290|0.0427
 6930|0.3069|0.2917|0.2469|0.1149|0.0705|0.0623|0.0319|0.0216|0.0253|0.0368
 6935|0.2691|0.2545|0.2141|0.0964|0.0596|0.0528|0.0275|0.0189|0.0221|0.0318
 6940|0.2325|0.2191|0.1837|0.0812|0.0506|0.0449|0.0239|0.0167|0.0194|0.0277
 6945|0.1992|0.1872|0.1568|0.0687|0.0433|0.0386|0.0209|0.0148|0.0171|0.0242
 6950|0.1692|0.1588|0.1331|0.0584|0.0373|0.0333|0.0184|0.0131|0.0152|0.0213
 6955|0.1424|0.1336|0.1122|0.0497|0.0321|0.0288|0.0162|0.0117|0.0135|0.0187
 6960|0.1196|0.1123|0.0945|0.0425|0.0278|0.0250|0.0143|0.0104|0.0120|0.0165
 6965|0.1012|0.0952|0.0804|0.0368|0.0244|0.0220|0.0128|0.0094|0.0108|0.0148
 6970|0.0860|0.0810|0.0686|0.0321|0.0215|0.0194|0.0115|0.0085|0.0098|0.0133
 6975|0.0728|0.0687|0.0583|0.0279|0.0189|0.0171|0.0103|0.0077|0.0089|0.0119
 6980|0.0615|0.0581|0.0495|0.0242|0.0166|0.0151|0.0092|0.0069|0.0080|0.0106
 6985|0.0520|0.0492|0.0420|0.0210|0.0145|0.0132|0.0082|0.0062|0.0072|0.0095
 6990|0.0441|0.0418|0.0359|0.0183|0.0128|0.0117|0.0073|0.0056|0.0064|0.0085
 6995|0.0378|0.0359|0.0308|0.0160|0.0113|0.0104|0.0065|0.0050|0.0058|0.0077
 7000|0.0325|0.0310|0.0267|0.0141|0.0100|0.0093|0.0059|0.0046|0.0053|0.0069
 7005|0.0282|0.0269|0.0233|0.0125|0.0090|0.0083|0.0053|0.0042|0.0048|0.0063
 7010|0.0245|0.0234|0.0203|0.0111|0.0080|0.0074|0.0048|0.0038|0.0044|0.0058
 7015|0.0214|0.0205|0.0178|0.0099|0.0072|0.0067|0.0044|0.0035|0.0040|0.0052
 7020|0.0187|0.0179|0.0156|0.0088|0.0064|0.0060|0.0039|0.0031|0.0037|0.0048
 7025|0.0164|0.0157|0.0138|0.0078|0.0058|0.0054|0.0036|0.0029|0.0034|0.0044
 7030|0.0145|0.0139|0.0122|0.0070|0.0052|0.0049|0.0032|0.0026|0.0031|0.0040
 7035|0.0128|0.0123|0.0108|0.0062|0.0047|0.0044|0.0030|0.0024|0.0028|0.0037
 7040|0.0113|0.0109|0.0096|0.0056|0.0042|0.0040|0.0027|0.0022|0.0026|0.0034
 7045|0.0101|0.0097|0.0085|0.0050|0.0038|0.0036|0.0025|0.0020|0.0024|0.0031
 7050|0.0089|0.0086|0.0076|0.0045|0.0034|0.0033|0.0022|0.0017|0.0022|0.0028
 7055|0.0080|0.0077|0.0068|0.0041|0.0031|0.0030|0.0020|0.0012|0.0020|0.0026
 7060|0.0071|0.0068|0.0061|0.0037|0.0028|0.0027|0.0017|0.0007|0.0017|0.0024
 7065|0.0063|0.0061|0.0054|0.0033|0.0025|0.0024|0.0013|0.0002|0.0013|0.0022
 7070|0.0057|0.0055|0.0049|0.0030|0.0023|0.0022|0.0007|0.0000|0.0007|0.0020
 7075|0.0051|0.0049|0.0044|0.0027|0.0021|0.0020|0.0002|0.0000|0.0002|0.0017
 7080|0.0045|0.0044|0.0039|0.0024|0.0018|0.0017|0.0000|0.0000|0.0000|0.0013
 7085|0.0041|0.0040|0.0035|0.0022|0.0014|0.0013|0.0000|0.0000|0.0000|0.0008
 7090|0.0037|0.0036|0.0032|0.0019|0.0008|0.0008|0.0000|0.0000|0.0000|0.0003
 7095|0.0033|0.0032|0.0029|0.0015|0.0003|0.0003|0.0000|0.0000|0.0000|0.0001
 7100|0.0030|0.0029|0.0026|0.0009|0.0000|0.0000|0.0000|0.0000|0.0000|0.0000
 7105|0.0027|0.0026|0.0024|0.0003|0.0000|0.0000|0.0000|0.0000|0.0000|0.0000
 7110|0.0024|0.0024|0.0021|0.0001|0.0000|0.0000|0.0000|0.0000|0.0000|0.0000
 7115|0.0022|0.0021|0.0019|0.0000|0.0000|0.0000|0.0000|0.0000|0.0000|0.0000
 7120|0.0020|0.0019|0.0015|0.0000|0.0000|0.0000|0.0000|0.0000|0.0000|0.0000
 7125|0.0016|0.0015|0.0010|0.0000|0.0000|0.0000|0.0000|0.0000|0.0000|0.0000
 7130|0.0010|0.0010|0.0004|0.0000|0.0000|0.0000|0.0000|0.0000|0.0000|0.0000
 7135|0.0004|0.0004|0.0001|0.0000|0.0000|0.0000|0.0000|0.0000|0.0000|0.0000
 7140|0.0001|0.0001|0.0000|0.0000|0.0000|0.0000|0.0000|0.0000|0.0000|0.0000
 7145|0.0000|0.0000|0.0000|0.0000|0.0000|0.0000|0.0000|0.0000|0.0000|0.0000
 7150|0.0000|0.0000|0.0000|0.0000|0.0000|0.0000|0.0000|0.0000|0.0000|0.0000
# ---------------------------------------------------------------------------
