#Table: J/A+A/552/A124/tablee4.dat (cdsarc.u-strasbg.fr)
#---------------------------------------------------------------------------
#    l|      |      |      |      |      |      |      |      |      |
#ambda|  Tr00|  Tr23|  Tr47|  Tr70|  Tr93| Tr117| Tr140| Tr163| Tr186| Tr210
#-----|------|------|------|------|------|------|------|------|------|------
 4000|0.0000|0.0000|0.0008|0.0008|0.0008|0.0008|0.0009|0.0012|0.0018|0.0019
 4005|0.0000|0.0000|0.0016|0.0016|0.0016|0.0017|0.0019|0.0022|0.0032|0.0035
 4010|0.0000|0.0000|0.0020|0.0020|0.0021|0.0021|0.0024|0.0026|0.0037|0.0041
 4015|0.0001|0.0001|0.0023|0.0023|0.0023|0.0024|0.0027|0.0029|0.0042|0.0047
 4020|0.0005|0.0005|0.0025|0.0026|0.0026|0.0027|0.0030|0.0033|0.0048|0.0054
 4025|0.0012|0.0011|0.0028|0.0028|0.0029|0.0030|0.0033|0.0036|0.0056|0.0065
 4030|0.0017|0.0016|0.0031|0.0031|0.0032|0.0033|0.0037|0.0041|0.0067|0.0080
 4035|0.0021|0.0019|0.0034|0.0035|0.0036|0.0038|0.0042|0.0047|0.0083|0.0101
 4040|0.0023|0.0021|0.0040|0.0040|0.0041|0.0043|0.0049|0.0056|0.0107|0.0132
 4045|0.0025|0.0024|0.0047|0.0048|0.0048|0.0051|0.0059|0.0068|0.0140|0.0177
 4050|0.0028|0.0028|0.0058|0.0059|0.0059|0.0062|0.0074|0.0086|0.0188|0.0237
 4055|0.0031|0.0034|0.0074|0.0075|0.0074|0.0078|0.0094|0.0111|0.0251|0.0316
 4060|0.0036|0.0042|0.0096|0.0097|0.0096|0.0101|0.0123|0.0146|0.0332|0.0411
 4065|0.0042|0.0054|0.0127|0.0128|0.0126|0.0133|0.0162|0.0195|0.0430|0.0521
 4070|0.0052|0.0071|0.0169|0.0171|0.0168|0.0177|0.0216|0.0258|0.0540|0.0642
 4075|0.0065|0.0095|0.0223|0.0226|0.0223|0.0234|0.0284|0.0337|0.0660|0.0768
 4080|0.0084|0.0127|0.0289|0.0293|0.0290|0.0305|0.0366|0.0429|0.0784|0.0899
 4085|0.0109|0.0167|0.0363|0.0368|0.0368|0.0387|0.0459|0.0530|0.0913|0.1038
 4090|0.0142|0.0214|0.0441|0.0449|0.0452|0.0476|0.0557|0.0636|0.1049|0.1194
 4095|0.0182|0.0267|0.0519|0.0530|0.0538|0.0568|0.0658|0.0743|0.1204|0.1381
 4100|0.0230|0.0325|0.0597|0.0610|0.0624|0.0661|0.0761|0.0854|0.1392|0.1612
 4105|0.0283|0.0386|0.0677|0.0693|0.0712|0.0755|0.0868|0.0975|0.1626|0.1899
 4110|0.0338|0.0451|0.0766|0.0785|0.0808|0.0859|0.0992|0.1119|0.1918|0.2246
 4115|0.0395|0.0527|0.0878|0.0898|0.0923|0.0983|0.1144|0.1300|0.2269|0.2641
 4120|0.0453|0.0622|0.1026|0.1047|0.1071|0.1143|0.1340|0.1532|0.2665|0.3056
 4125|0.0517|0.0749|0.1225|0.1247|0.1269|0.1351|0.1592|0.1825|0.3077|0.3454
 4130|0.0595|0.0928|0.1492|0.1513|0.1529|0.1624|0.1910|0.2181|0.3470|0.3796
 4135|0.0699|0.1177|0.1833|0.1853|0.1862|0.1966|0.2292|0.2589|0.3807|0.4056
 4140|0.0845|0.1512|0.2242|0.2260|0.2260|0.2370|0.2719|0.3018|0.4061|0.4224
 4145|0.1050|0.1931|0.2696|0.2711|0.2704|0.2811|0.3155|0.3430|0.4222|0.4310
 4150|0.1331|0.2411|0.3155|0.3167|0.3155|0.3253|0.3560|0.3786|0.4305|0.4341
 4155|0.1693|0.2905|0.3570|0.3579|0.3568|0.3649|0.3892|0.4055|0.4333|0.4345
 4160|0.2122|0.3351|0.3901|0.3908|0.3902|0.3962|0.4130|0.4227|0.4336|0.4347
 4165|0.2581|0.3697|0.4130|0.4136|0.4135|0.4175|0.4272|0.4316|0.4337|0.4356
 4170|0.3015|0.3920|0.4263|0.4268|0.4272|0.4294|0.4337|0.4348|0.4347|0.4371
 4175|0.3372|0.4032|0.4325|0.4329|0.4336|0.4347|0.4357|0.4354|0.4361|0.4382
 4180|0.3617|0.4070|0.4348|0.4352|0.4359|0.4362|0.4360|0.4356|0.4371|0.4377
 4185|0.3748|0.4078|0.4357|0.4360|0.4367|0.4366|0.4364|0.4364|0.4365|0.4348
 4190|0.3794|0.4088|0.4364|0.4367|0.4374|0.4372|0.4375|0.4376|0.4335|0.4294
 4195|0.3799|0.4108|0.4370|0.4375|0.4383|0.4382|0.4385|0.4383|0.4279|0.4222
 4200|0.3803|0.4131|0.4370|0.4377|0.4388|0.4389|0.4386|0.4373|0.4206|0.4144
 4205|0.3829|0.4137|0.4353|0.4364|0.4379|0.4381|0.4367|0.4339|0.4127|0.4074
 4210|0.3879|0.4105|0.4313|0.4326|0.4348|0.4350|0.4321|0.4280|0.4056|0.4026
 4215|0.3936|0.4025|0.4245|0.4261|0.4288|0.4290|0.4250|0.4200|0.4005|0.4005
 4220|0.3973|0.3901|0.4157|0.4172|0.4205|0.4208|0.4162|0.4113|0.3983|0.4015
 4225|0.3968|0.3748|0.4057|0.4072|0.4107|0.4113|0.4072|0.4032|0.3992|0.4054
 4230|0.3906|0.3589|0.3961|0.3974|0.4010|0.4020|0.3994|0.3971|0.4031|0.4119
 4235|0.3790|0.3449|0.3882|0.3893|0.3928|0.3944|0.3941|0.3939|0.4096|0.4200
 4240|0.3637|0.3347|0.3832|0.3841|0.3873|0.3897|0.3921|0.3943|0.4178|0.4291
 4245|0.3474|0.3298|0.3819|0.3825|0.3854|0.3885|0.3936|0.3980|0.4270|0.4381
 4250|0.3328|0.3308|0.3847|0.3851|0.3874|0.3912|0.3986|0.4047|0.4362|0.4463
 4255|0.3223|0.3379|0.3913|0.3915|0.3933|0.3974|0.4065|0.4137|0.4447|0.4532
 4260|0.3174|0.3503|0.4010|0.4011|0.4023|0.4065|0.4164|0.4239|0.4518|0.4583
 4265|0.3186|0.3668|0.4129|0.4128|0.4135|0.4174|0.4272|0.4343|0.4570|0.4613
 4270|0.3258|0.3856|0.4257|0.4254|0.4256|0.4290|0.4378|0.4439|0.4601|0.4626
 4275|0.3379|0.4043|0.4378|0.4375|0.4374|0.4400|0.4472|0.4519|0.4614|0.4627
 4280|0.3536|0.4207|0.4481|0.4478|0.4476|0.4495|0.4547|0.4577|0.4613|0.4619
 4285|0.3709|0.4330|0.4558|0.4555|0.4553|0.4565|0.4597|0.4612|0.4603|0.4609
 4290|0.3879|0.4401|0.4604|0.4601|0.4602|0.4609|0.4623|0.4625|0.4590|0.4601
 4295|0.4028|0.4422|0.4620|0.4618|0.4623|0.4627|0.4627|0.4620|0.4580|0.4599
 4300|0.4140|0.4399|0.4610|0.4610|0.4619|0.4622|0.4614|0.4604|0.4573|0.4600
 4305|0.4202|0.4347|0.4580|0.4581|0.4595|0.4599|0.4590|0.4580|0.4571|0.4602
 4310|0.4214|0.4287|0.4538|0.4541|0.4559|0.4567|0.4562|0.4556|0.4571|0.4604
 4315|0.4180|0.4238|0.4495|0.4498|0.4520|0.4533|0.4537|0.4538|0.4573|0.4602
 4320|0.4114|0.4213|0.4454|0.4458|0.4485|0.4504|0.4519|0.4527|0.4573|0.4597
 4325|0.4032|0.4220|0.4421|0.4427|0.4457|0.4482|0.4508|0.4522|0.4571|0.4588
 4330|0.3955|0.4261|0.4397|0.4404|0.4437|0.4468|0.4503|0.4521|0.4564|0.4577
 4335|0.3901|0.4330|0.4382|0.4390|0.4426|0.4462|0.4503|0.4522|0.4556|0.4569
 4340|0.3888|0.4414|0.4373|0.4383|0.4421|0.4460|0.4503|0.4522|0.4550|0.4567
 4345|0.3921|0.4498|0.4368|0.4380|0.4420|0.4459|0.4502|0.4519|0.4549|0.4573
 4350|0.4000|0.4564|0.4364|0.4377|0.4417|0.4457|0.4499|0.4514|0.4556|0.4588
 4355|0.4115|0.4599|0.4358|0.4373|0.4414|0.4453|0.4494|0.4508|0.4572|0.4612
 4360|0.4250|0.4594|0.4351|0.4367|0.4408|0.4448|0.4489|0.4506|0.4595|0.4641
 4365|0.4382|0.4548|0.4343|0.4361|0.4403|0.4443|0.4489|0.4510|0.4625|0.4674
 4370|0.4489|0.4466|0.4338|0.4357|0.4400|0.4443|0.4495|0.4522|0.4658|0.4707
 4375|0.4553|0.4361|0.4338|0.4358|0.4401|0.4448|0.4508|0.4542|0.4690|0.4735
 4380|0.4567|0.4248|0.4344|0.4366|0.4410|0.4460|0.4530|0.4569|0.4719|0.4759
 4385|0.4537|0.4142|0.4359|0.4383|0.4427|0.4480|0.4557|0.4601|0.4742|0.4776
 4390|0.4475|0.4053|0.4383|0.4407|0.4452|0.4507|0.4588|0.4634|0.4760|0.4789
 4395|0.4398|0.3988|0.4414|0.4438|0.4482|0.4539|0.4621|0.4667|0.4774|0.4798
 4400|0.4318|0.3951|0.4451|0.4473|0.4517|0.4573|0.4653|0.4696|0.4785|0.4806
 4405|0.4246|0.3941|0.4491|0.4511|0.4553|0.4607|0.4683|0.4722|0.4793|0.4812
 4410|0.4186|0.3956|0.4531|0.4549|0.4588|0.4639|0.4709|0.4744|0.4802|0.4820
 4415|0.4139|0.3996|0.4571|0.4585|0.4623|0.4669|0.4732|0.4762|0.4811|0.4829
 4420|0.4104|0.4055|0.4607|0.4619|0.4654|0.4696|0.4751|0.4778|0.4822|0.4840
 4425|0.4081|0.4129|0.4638|0.4648|0.4680|0.4718|0.4768|0.4791|0.4834|0.4851
 4430|0.4072|0.4214|0.4664|0.4673|0.4703|0.4737|0.4782|0.4804|0.4846|0.4861
 4435|0.4080|0.4301|0.4686|0.4693|0.4723|0.4754|0.4796|0.4816|0.4857|0.4868
 4440|0.4106|0.4387|0.4703|0.4711|0.4739|0.4768|0.4808|0.4829|0.4864|0.4868
 4445|0.4152|0.4466|0.4718|0.4726|0.4754|0.4781|0.4820|0.4841|0.4864|0.4861
 4450|0.4214|0.4534|0.4732|0.4740|0.4768|0.4794|0.4832|0.4851|0.4857|0.4844
 4455|0.4288|0.4589|0.4745|0.4754|0.4781|0.4806|0.4842|0.4860|0.4839|0.4820
 4460|0.4366|0.4633|0.4758|0.4767|0.4793|0.4817|0.4849|0.4863|0.4812|0.4790
 4465|0.4440|0.4667|0.4770|0.4779|0.4803|0.4825|0.4850|0.4857|0.4779|0.4759
 4470|0.4502|0.4694|0.4778|0.4786|0.4808|0.4827|0.4842|0.4841|0.4745|0.4733
 4475|0.4550|0.4714|0.4780|0.4785|0.4805|0.4819|0.4822|0.4814|0.4714|0.4717
 4480|0.4584|0.4728|0.4772|0.4773|0.4791|0.4799|0.4791|0.4777|0.4693|0.4714
 4485|0.4608|0.4735|0.4752|0.4750|0.4765|0.4768|0.4751|0.4734|0.4685|0.4726
 4490|0.4625|0.4729|0.4721|0.4715|0.4728|0.4727|0.4707|0.4692|0.4694|0.4752
 4495|0.4639|0.4709|0.4682|0.4673|0.4684|0.4682|0.4665|0.4657|0.4719|0.4790
 4500|0.4649|0.4673|0.4638|0.4629|0.4638|0.4639|0.4633|0.4636|0.4757|0.4833
 4505|0.4650|0.4623|0.4599|0.4589|0.4599|0.4606|0.4616|0.4632|0.4803|0.4877
 4510|0.4637|0.4562|0.4569|0.4561|0.4573|0.4588|0.4618|0.4648|0.4852|0.4918
 4515|0.4607|0.4499|0.4556|0.4552|0.4566|0.4590|0.4641|0.4683|0.4897|0.4952
 4520|0.4559|0.4442|0.4563|0.4563|0.4579|0.4613|0.4682|0.4731|0.4936|0.4978
 4525|0.4498|0.4399|0.4591|0.4595|0.4613|0.4655|0.4736|0.4789|0.4966|0.4997
 4530|0.4434|0.4374|0.4637|0.4645|0.4665|0.4711|0.4797|0.4847|0.4988|0.5012
 4535|0.4377|0.4370|0.4696|0.4708|0.4728|0.4775|0.4858|0.4902|0.5004|0.5023
 4540|0.4338|0.4385|0.4761|0.4775|0.4795|0.4840|0.4913|0.4947|0.5016|0.5033
 4545|0.4326|0.4414|0.4825|0.4840|0.4859|0.4898|0.4957|0.4981|0.5025|0.5042
 4550|0.4342|0.4450|0.4882|0.4897|0.4914|0.4946|0.4989|0.5005|0.5033|0.5050
 4555|0.4382|0.4487|0.4927|0.4941|0.4956|0.4980|0.5010|0.5019|0.5041|0.5055
 4560|0.4439|0.4517|0.4960|0.4972|0.4986|0.5002|0.5023|0.5028|0.5046|0.5057
 4565|0.4500|0.4539|0.4983|0.4993|0.5005|0.5017|0.5031|0.5035|0.5048|0.5054
 4570|0.4553|0.4551|0.4999|0.5008|0.5018|0.5026|0.5037|0.5042|0.5048|0.5048
 4575|0.4590|0.4556|0.5011|0.5019|0.5027|0.5034|0.5044|0.5047|0.5043|0.5039
 4580|0.4607|0.4557|0.5023|0.5030|0.5036|0.5042|0.5050|0.5052|0.5035|0.5029
 4585|0.4605|0.4557|0.5035|0.5041|0.5046|0.5050|0.5056|0.5056|0.5026|0.5019
 4590|0.4591|0.4560|0.5048|0.5053|0.5056|0.5058|0.5060|0.5056|0.5016|0.5010
 4595|0.4571|0.4566|0.5061|0.5064|0.5065|0.5064|0.5061|0.5053|0.5008|0.5002
 4600|0.4553|0.4575|0.5072|0.5073|0.5072|0.5068|0.5059|0.5048|0.5001|0.4996
 4605|0.4542|0.4586|0.5081|0.5079|0.5076|0.5070|0.5056|0.5043|0.4997|0.4991
 4610|0.4536|0.4596|0.5088|0.5083|0.5079|0.5069|0.5054|0.5039|0.4992|0.4985
 4615|0.4534|0.4606|0.5091|0.5085|0.5079|0.5068|0.5051|0.5036|0.4986|0.4978
 4620|0.4532|0.4615|0.5093|0.5086|0.5079|0.5068|0.5050|0.5033|0.4979|0.4970
 4625|0.4525|0.4626|0.5094|0.5087|0.5080|0.5067|0.5048|0.5031|0.4970|0.4962
 4630|0.4514|0.4638|0.5094|0.5086|0.5080|0.5067|0.5046|0.5027|0.4961|0.4956
 4635|0.4499|0.4652|0.5091|0.5084|0.5078|0.5064|0.5040|0.5020|0.4952|0.4952
 4640|0.4485|0.4668|0.5084|0.5078|0.5073|0.5058|0.5030|0.5009|0.4945|0.4952
 4645|0.4478|0.4684|0.5071|0.5067|0.5064|0.5046|0.5015|0.4994|0.4942|0.4954
 4650|0.4483|0.4696|0.5052|0.5049|0.5048|0.5028|0.4996|0.4978|0.4943|0.4958
 4655|0.4500|0.4700|0.5027|0.5026|0.5026|0.5006|0.4975|0.4962|0.4946|0.4961
 4660|0.4527|0.4694|0.4998|0.4999|0.5000|0.4981|0.4956|0.4949|0.4949|0.4961
 4665|0.4559|0.4677|0.4968|0.4972|0.4975|0.4958|0.4942|0.4942|0.4950|0.4957
 4670|0.4588|0.4650|0.4943|0.4949|0.4953|0.4941|0.4934|0.4940|0.4946|0.4948
 4675|0.4607|0.4617|0.4925|0.4933|0.4939|0.4931|0.4933|0.4942|0.4938|0.4937
 4680|0.4608|0.4584|0.4919|0.4927|0.4933|0.4929|0.4937|0.4947|0.4927|0.4927
 4685|0.4590|0.4558|0.4923|0.4931|0.4936|0.4934|0.4943|0.4950|0.4914|0.4921
 4690|0.4554|0.4544|0.4936|0.4943|0.4945|0.4943|0.4948|0.4949|0.4904|0.4925
 4695|0.4507|0.4544|0.4954|0.4957|0.4957|0.4952|0.4948|0.4942|0.4903|0.4942
 4700|0.4456|0.4559|0.4970|0.4969|0.4964|0.4954|0.4941|0.4928|0.4912|0.4972
 4705|0.4409|0.4584|0.4978|0.4971|0.4963|0.4948|0.4925|0.4910|0.4934|0.5012
 4710|0.4374|0.4615|0.4977|0.4964|0.4952|0.4933|0.4906|0.4893|0.4968|0.5059
 4715|0.4351|0.4646|0.4965|0.4947|0.4933|0.4913|0.4888|0.4882|0.5012|0.5108
 4720|0.4340|0.4674|0.4947|0.4925|0.4910|0.4892|0.4878|0.4882|0.5061|0.5153
 4725|0.4337|0.4696|0.4927|0.4904|0.4890|0.4878|0.4879|0.4897|0.5109|0.5189
 4730|0.4338|0.4710|0.4912|0.4889|0.4878|0.4875|0.4896|0.4927|0.5150|0.5210
 4735|0.4338|0.4721|0.4908|0.4888|0.4879|0.4887|0.4929|0.4971|0.5179|0.5216
 4740|0.4337|0.4731|0.4919|0.4904|0.4898|0.4917|0.4975|0.5023|0.5193|0.5209
 4745|0.4334|0.4746|0.4948|0.4937|0.4935|0.4961|0.5029|0.5076|0.5192|0.5193
 4750|0.4334|0.4769|0.4991|0.4984|0.4985|0.5016|0.5084|0.5125|0.5180|0.5172
 4755|0.4343|0.4800|0.5045|0.5042|0.5043|0.5073|0.5133|0.5161|0.5162|0.5153
 4760|0.4365|0.4839|0.5103|0.5101|0.5101|0.5127|0.5169|0.5183|0.5143|0.5142
 4765|0.4406|0.4883|0.5156|0.5154|0.5153|0.5169|0.5190|0.5189|0.5130|0.5141
 4770|0.4464|0.4926|0.5199|0.5195|0.5191|0.5196|0.5195|0.5182|0.5127|0.5152
 4775|0.4536|0.4961|0.5226|0.5219|0.5213|0.5206|0.5188|0.5168|0.5135|0.5173
 4780|0.4615|0.4985|0.5237|0.5227|0.5217|0.5202|0.5173|0.5152|0.5154|0.5202
 4785|0.4689|0.4994|0.5232|0.5220|0.5209|0.5189|0.5157|0.5140|0.5182|0.5235
 4790|0.4747|0.4990|0.5218|0.5204|0.5194|0.5173|0.5147|0.5137|0.5213|0.5267
 4795|0.4782|0.4977|0.5201|0.5187|0.5178|0.5162|0.5146|0.5146|0.5246|0.5295
 4800|0.4792|0.4963|0.5186|0.5174|0.5168|0.5159|0.5158|0.5166|0.5276|0.5317
 4805|0.4778|0.4955|0.5180|0.5171|0.5169|0.5168|0.5181|0.5196|0.5300|0.5332
 4810|0.4750|0.4957|0.5183|0.5178|0.5180|0.5188|0.5212|0.5230|0.5316|0.5339
 4815|0.4718|0.4972|0.5194|0.5193|0.5200|0.5214|0.5245|0.5263|0.5324|0.5338
 4820|0.4694|0.5000|0.5210|0.5213|0.5225|0.5243|0.5275|0.5291|0.5323|0.5329
 4825|0.4689|0.5037|0.5226|0.5233|0.5248|0.5269|0.5299|0.5309|0.5314|0.5312
 4830|0.4709|0.5077|0.5239|0.5248|0.5267|0.5288|0.5313|0.5318|0.5299|0.5290
 4835|0.4756|0.5113|0.5246|0.5258|0.5279|0.5299|0.5317|0.5318|0.5278|0.5263
 4840|0.4826|0.5137|0.5247|0.5259|0.5282|0.5300|0.5313|0.5310|0.5253|0.5232
 4845|0.4909|0.5145|0.5241|0.5253|0.5277|0.5293|0.5301|0.5295|0.5225|0.5199
 4850|0.4996|0.5133|0.5230|0.5243|0.5265|0.5280|0.5285|0.5276|0.5194|0.5168
 4855|0.5073|0.5102|0.5217|0.5229|0.5251|0.5264|0.5266|0.5255|0.5164|0.5140
 4860|0.5131|0.5055|0.5204|0.5216|0.5235|0.5246|0.5245|0.5232|0.5138|0.5120
 4865|0.5163|0.4996|0.5193|0.5203|0.5220|0.5228|0.5223|0.5208|0.5117|0.5109
 4870|0.5166|0.4930|0.5185|0.5193|0.5205|0.5210|0.5200|0.5183|0.5104|0.5110
 4875|0.5142|0.4864|0.5179|0.5184|0.5192|0.5192|0.5177|0.5159|0.5103|0.5124
 4880|0.5096|0.4801|0.5174|0.5177|0.5180|0.5174|0.5155|0.5137|0.5113|0.5148
 4885|0.5035|0.4744|0.5171|0.5170|0.5168|0.5158|0.5136|0.5121|0.5136|0.5181
 4890|0.4965|0.4695|0.5169|0.5164|0.5158|0.5144|0.5123|0.5113|0.5168|0.5218
 4895|0.4890|0.4657|0.5169|0.5161|0.5151|0.5136|0.5118|0.5117|0.5206|0.5252
 4900|0.4813|0.4629|0.5173|0.5163|0.5150|0.5135|0.5126|0.5133|0.5243|0.5278
 4905|0.4737|0.4614|0.5183|0.5172|0.5158|0.5144|0.5146|0.5161|0.5273|0.5289
 4910|0.4662|0.4615|0.5202|0.5190|0.5175|0.5166|0.5178|0.5199|0.5289|0.5283
 4915|0.4593|0.4633|0.5231|0.5220|0.5205|0.5199|0.5220|0.5244|0.5288|0.5258
 4920|0.4532|0.4670|0.5269|0.5259|0.5245|0.5243|0.5267|0.5287|0.5267|0.5217
 4925|0.4486|0.4726|0.5312|0.5303|0.5291|0.5290|0.5310|0.5321|0.5229|0.5165
 4930|0.4457|0.4797|0.5354|0.5347|0.5337|0.5333|0.5341|0.5338|0.5176|0.5106
 4935|0.4451|0.4880|0.5389|0.5383|0.5374|0.5366|0.5354|0.5335|0.5114|0.5047
 4940|0.4471|0.4964|0.5408|0.5402|0.5395|0.5379|0.5344|0.5308|0.5051|0.4994
 4945|0.4518|0.5041|0.5404|0.5398|0.5393|0.5368|0.5310|0.5259|0.4991|0.4951
 4950|0.4589|0.5099|0.5374|0.5367|0.5363|0.5329|0.5251|0.5191|0.4941|0.4921
 4955|0.4676|0.5126|0.5315|0.5306|0.5305|0.5265|0.5175|0.5112|0.4902|0.4902
 4960|0.4768|0.5115|0.5232|0.5222|0.5224|0.5181|0.5088|0.5029|0.4877|0.4896
 4965|0.4850|0.5064|0.5131|0.5121|0.5126|0.5085|0.5000|0.4951|0.4865|0.4899
 4970|0.4907|0.4974|0.5021|0.5012|0.5021|0.4986|0.4917|0.4884|0.4865|0.4910
 4975|0.4923|0.4854|0.4912|0.4905|0.4917|0.4892|0.4847|0.4832|0.4873|0.4925
 4980|0.4891|0.4717|0.4814|0.4809|0.4825|0.4813|0.4795|0.4797|0.4887|0.4942
 4985|0.4809|0.4575|0.4734|0.4732|0.4751|0.4753|0.4762|0.4780|0.4904|0.4960
 4990|0.4685|0.4441|0.4677|0.4677|0.4699|0.4714|0.4749|0.4778|0.4921|0.4978
 4995|0.4531|0.4328|0.4644|0.4647|0.4670|0.4698|0.4751|0.4789|0.4938|0.4995
 5000|0.4362|0.4240|0.4633|0.4638|0.4662|0.4699|0.4765|0.4807|0.4953|0.5011
 5005|0.4193|0.4181|0.4641|0.4647|0.4670|0.4712|0.4785|0.4827|0.4964|0.5025
 5010|0.4040|0.4155|0.4665|0.4669|0.4690|0.4735|0.4809|0.4847|0.4975|0.5039
 5015|0.3912|0.4161|0.4699|0.4701|0.4720|0.4763|0.4832|0.4866|0.4986|0.5052
 5020|0.3817|0.4196|0.4740|0.4738|0.4753|0.4793|0.4854|0.4882|0.4997|0.5064
 5025|0.3756|0.4256|0.4782|0.4775|0.4787|0.4821|0.4873|0.4896|0.5007|0.5073
 5030|0.3728|0.4337|0.4820|0.4809|0.4816|0.4846|0.4888|0.4907|0.5015|0.5077
 5035|0.3731|0.4432|0.4852|0.4836|0.4841|0.4865|0.4900|0.4916|0.5020|0.5076
 5040|0.3761|0.4537|0.4877|0.4857|0.4859|0.4879|0.4908|0.4924|0.5019|0.5068
 5045|0.3815|0.4646|0.4893|0.4870|0.4871|0.4888|0.4913|0.4928|0.5013|0.5055
 5050|0.3891|0.4752|0.4901|0.4875|0.4877|0.4892|0.4915|0.4930|0.5002|0.5037
 5055|0.3987|0.4852|0.4900|0.4874|0.4877|0.4891|0.4912|0.4927|0.4986|0.5018
 5060|0.4101|0.4938|0.4890|0.4864|0.4871|0.4885|0.4905|0.4920|0.4968|0.5001
 5065|0.4230|0.5004|0.4871|0.4847|0.4857|0.4872|0.4891|0.4906|0.4950|0.4988
 5070|0.4372|0.5045|0.4843|0.4820|0.4835|0.4852|0.4870|0.4885|0.4935|0.4981
 5075|0.4521|0.5056|0.4805|0.4785|0.4805|0.4824|0.4843|0.4860|0.4926|0.4981
 5080|0.4671|0.5034|0.4761|0.4743|0.4768|0.4789|0.4812|0.4832|0.4924|0.4989
 5085|0.4810|0.4982|0.4713|0.4697|0.4726|0.4751|0.4780|0.4805|0.4931|0.5005
 5090|0.4927|0.4900|0.4663|0.4649|0.4681|0.4712|0.4749|0.4781|0.4946|0.5025
 5095|0.5008|0.4797|0.4617|0.4604|0.4638|0.4675|0.4724|0.4764|0.4966|0.5047
 5100|0.5042|0.4681|0.4578|0.4566|0.4601|0.4645|0.4708|0.4757|0.4989|0.5067
 5105|0.5023|0.4564|0.4551|0.4539|0.4575|0.4626|0.4703|0.4761|0.5012|0.5083
 5110|0.4950|0.4454|0.4538|0.4526|0.4562|0.4619|0.4710|0.4775|0.5031|0.5091
 5115|0.4828|0.4361|0.4538|0.4527|0.4561|0.4625|0.4727|0.4797|0.5042|0.5089
 5120|0.4671|0.4291|0.4551|0.4540|0.4573|0.4641|0.4751|0.4822|0.5042|0.5076
 5125|0.4497|0.4251|0.4574|0.4563|0.4596|0.4664|0.4777|0.4846|0.5031|0.5055
 5130|0.4325|0.4243|0.4601|0.4591|0.4624|0.4691|0.4800|0.4864|0.5010|0.5028
 5135|0.4171|0.4265|0.4626|0.4617|0.4652|0.4715|0.4816|0.4873|0.4982|0.4999
 5140|0.4050|0.4313|0.4642|0.4635|0.4672|0.4731|0.4819|0.4869|0.4951|0.4974
 5145|0.3971|0.4381|0.4645|0.4641|0.4681|0.4734|0.4809|0.4852|0.4923|0.4956
 5150|0.3935|0.4458|0.4631|0.4630|0.4675|0.4722|0.4786|0.4825|0.4901|0.4947
 5155|0.3942|0.4537|0.4600|0.4603|0.4652|0.4695|0.4751|0.4789|0.4888|0.4950
 5160|0.3989|0.4607|0.4554|0.4561|0.4615|0.4655|0.4710|0.4751|0.4888|0.4965
 5165|0.4070|0.4661|0.4500|0.4509|0.4568|0.4610|0.4668|0.4716|0.4900|0.4991
 5170|0.4176|0.4692|0.4444|0.4456|0.4517|0.4563|0.4632|0.4690|0.4925|0.5024
 5175|0.4295|0.4699|0.4394|0.4408|0.4471|0.4522|0.4606|0.4676|0.4960|0.5063
 5180|0.4414|0.4683|0.4357|0.4372|0.4435|0.4494|0.4595|0.4677|0.5002|0.5104
 5185|0.4523|0.4650|0.4340|0.4354|0.4416|0.4484|0.4603|0.4696|0.5047|0.5142
 5190|0.4609|0.4607|0.4346|0.4360|0.4419|0.4494|0.4630|0.4732|0.5092|0.5176
 5195|0.4667|0.4561|0.4376|0.4390|0.4444|0.4526|0.4675|0.4782|0.5133|0.5202
 5200|0.4693|0.4519|0.4429|0.4442|0.4491|0.4576|0.4734|0.4841|0.5164|0.5218
 5205|0.4688|0.4485|0.4500|0.4512|0.4555|0.4642|0.4801|0.4903|0.5185|0.5223
 5210|0.4662|0.4463|0.4582|0.4594|0.4633|0.4716|0.4870|0.4964|0.5194|0.5218
 5215|0.4623|0.4453|0.4668|0.4682|0.4716|0.4795|0.4936|0.5018|0.5193|0.5207
 5220|0.4580|0.4454|0.4750|0.4765|0.4798|0.4869|0.4994|0.5062|0.5183|0.5191
 5225|0.4539|0.4460|0.4818|0.4835|0.4869|0.4932|0.5038|0.5091|0.5167|0.5171
 5230|0.4504|0.4467|0.4866|0.4887|0.4923|0.4978|0.5065|0.5106|0.5146|0.5147
 5235|0.4476|0.4469|0.4890|0.4915|0.4956|0.5006|0.5076|0.5106|0.5121|0.5121
 5240|0.4453|0.4464|0.4892|0.4920|0.4968|0.5014|0.5072|0.5096|0.5094|0.5092
 5245|0.4430|0.4450|0.4874|0.4905|0.4960|0.5006|0.5058|0.5077|0.5064|0.5059
 5250|0.4402|0.4429|0.4845|0.4878|0.4939|0.4987|0.5036|0.5053|0.5032|0.5022
 5255|0.4364|0.4404|0.4811|0.4844|0.4909|0.4961|0.5011|0.5027|0.4995|0.4980
 5260|0.4315|0.4381|0.4780|0.4812|0.4878|0.4934|0.4985|0.5001|0.4953|0.4933
 5265|0.4254|0.4368|0.4758|0.4786|0.4851|0.4909|0.4961|0.4974|0.4906|0.4883
 5270|0.4186|0.4369|0.4746|0.4770|0.4831|0.4889|0.4937|0.4945|0.4856|0.4831
 5275|0.4114|0.4390|0.4745|0.4762|0.4818|0.4872|0.4912|0.4914|0.4803|0.4782
 5280|0.4047|0.4434|0.4750|0.4761|0.4809|0.4855|0.4883|0.4877|0.4750|0.4739
 5285|0.3992|0.4499|0.4756|0.4760|0.4800|0.4835|0.4847|0.4833|0.4701|0.4704
 5290|0.3957|0.4582|0.4754|0.4754|0.4786|0.4808|0.4803|0.4781|0.4659|0.4682
 5295|0.3946|0.4674|0.4739|0.4735|0.4761|0.4771|0.4749|0.4722|0.4629|0.4675
 5300|0.3966|0.4768|0.4706|0.4701|0.4724|0.4721|0.4687|0.4661|0.4614|0.4685
 5305|0.4020|0.4851|0.4654|0.4651|0.4673|0.4662|0.4623|0.4601|0.4618|0.4714
 5310|0.4105|0.4911|0.4584|0.4584|0.4609|0.4595|0.4560|0.4547|0.4641|0.4758
 5315|0.4217|0.4936|0.4498|0.4504|0.4535|0.4523|0.4501|0.4504|0.4682|0.4814
 5320|0.4349|0.4918|0.4405|0.4418|0.4457|0.4453|0.4453|0.4475|0.4737|0.4877
 5325|0.4490|0.4858|0.4314|0.4335|0.4381|0.4391|0.4421|0.4465|0.4802|0.4941
 5330|0.4625|0.4760|0.4235|0.4264|0.4318|0.4346|0.4411|0.4477|0.4871|0.4999
 5335|0.4739|0.4633|0.4178|0.4213|0.4275|0.4323|0.4425|0.4513|0.4939|0.5046
 5340|0.4820|0.4493|0.4149|0.4190|0.4257|0.4327|0.4465|0.4570|0.4998|0.5078
 5345|0.4856|0.4353|0.4153|0.4199|0.4270|0.4359|0.4527|0.4644|0.5042|0.5093
 5350|0.4845|0.4229|0.4192|0.4240|0.4313|0.4418|0.4609|0.4729|0.5067|0.5090
 5355|0.4790|0.4130|0.4264|0.4313|0.4384|0.4501|0.4702|0.4818|0.5074|0.5075
 5360|0.4702|0.4063|0.4363|0.4410|0.4478|0.4600|0.4797|0.4899|0.5062|0.5049
 5365|0.4592|0.4032|0.4479|0.4522|0.4585|0.4704|0.4884|0.4966|0.5037|0.5017
 5370|0.4474|0.4036|0.4600|0.4639|0.4696|0.4804|0.4954|0.5012|0.5003|0.4983
 5375|0.4361|0.4071|0.4714|0.4748|0.4797|0.4889|0.5001|0.5033|0.4965|0.4950
 5380|0.4262|0.4130|0.4807|0.4836|0.4878|0.4950|0.5021|0.5029|0.4927|0.4917
 5385|0.4181|0.4207|0.4868|0.4892|0.4930|0.4980|0.5012|0.5003|0.4889|0.4882
 5390|0.4123|0.4291|0.4890|0.4911|0.4948|0.4979|0.4980|0.4960|0.4852|0.4840
 5395|0.4087|0.4374|0.4874|0.4895|0.4933|0.4948|0.4931|0.4909|0.4813|0.4789
 5400|0.4069|0.4448|0.4825|0.4847|0.4889|0.4896|0.4872|0.4855|0.4768|0.4724
 5405|0.4067|0.4507|0.4752|0.4778|0.4825|0.4831|0.4812|0.4803|0.4711|0.4642
 5410|0.4075|0.4549|0.4668|0.4698|0.4752|0.4762|0.4755|0.4755|0.4638|0.4543
 5415|0.4092|0.4574|0.4585|0.4621|0.4680|0.4697|0.4705|0.4712|0.4549|0.4430
 5420|0.4114|0.4586|0.4512|0.4552|0.4615|0.4641|0.4660|0.4670|0.4444|0.4311
 5425|0.4140|0.4589|0.4453|0.4497|0.4563|0.4594|0.4618|0.4623|0.4327|0.4191
 5430|0.4172|0.4590|0.4409|0.4456|0.4521|0.4553|0.4572|0.4565|0.4204|0.4081
 5435|0.4211|0.4591|0.4376|0.4422|0.4484|0.4512|0.4515|0.4491|0.4085|0.3989
 5440|0.4260|0.4591|0.4344|0.4389|0.4446|0.4463|0.4441|0.4398|0.3978|0.3920
 5445|0.4323|0.4588|0.4305|0.4346|0.4397|0.4399|0.4347|0.4286|0.3891|0.3881
 5450|0.4399|0.4574|0.4248|0.4284|0.4329|0.4314|0.4233|0.4160|0.3832|0.3872
 5455|0.4485|0.4540|0.4166|0.4197|0.4237|0.4206|0.4105|0.4028|0.3804|0.3892
 5460|0.4575|0.4476|0.4058|0.4084|0.4121|0.4080|0.3970|0.3899|0.3807|0.3934
 5465|0.4655|0.4376|0.3927|0.3950|0.3986|0.3942|0.3839|0.3785|0.3838|0.3989
 5470|0.4713|0.4237|0.3780|0.3801|0.3840|0.3801|0.3721|0.3692|0.3890|0.4044
 5475|0.4731|0.4065|0.3629|0.3651|0.3694|0.3669|0.3626|0.3629|0.3952|0.4086
 5480|0.4696|0.3869|0.3486|0.3510|0.3559|0.3556|0.3561|0.3600|0.4010|0.4102
 5485|0.4604|0.3662|0.3363|0.3391|0.3448|0.3471|0.3531|0.3605|0.4051|0.4085
 5490|0.4453|0.3460|0.3270|0.3303|0.3368|0.3421|0.3536|0.3641|0.4062|0.4032
 5495|0.4257|0.3276|0.3214|0.3252|0.3324|0.3408|0.3574|0.3701|0.4038|0.3947
 5500|0.4029|0.3120|0.3196|0.3239|0.3319|0.3431|0.3638|0.3775|0.3975|0.3839
 5505|0.3789|0.2999|0.3216|0.3264|0.3349|0.3484|0.3714|0.3847|0.3880|0.3720
 5510|0.3557|0.2918|0.3270|0.3321|0.3410|0.3558|0.3790|0.3902|0.3763|0.3603
 5515|0.3348|0.2879|0.3348|0.3402|0.3492|0.3642|0.3850|0.3928|0.3641|0.3504
 5520|0.3174|0.2879|0.3438|0.3492|0.3580|0.3720|0.3880|0.3916|0.3526|0.3427
 5525|0.3039|0.2913|0.3523|0.3576|0.3659|0.3774|0.3869|0.3862|0.3430|0.3377
 5530|0.2945|0.2972|0.3586|0.3636|0.3711|0.3792|0.3815|0.3770|0.3359|0.3348
 5535|0.2889|0.3046|0.3610|0.3657|0.3723|0.3764|0.3722|0.3653|0.3314|0.3331
 5540|0.2866|0.3121|0.3587|0.3630|0.3689|0.3692|0.3600|0.3524|0.3290|0.3312
 5545|0.2868|0.3183|0.3516|0.3556|0.3608|0.3582|0.3464|0.3398|0.3273|0.3272
 5550|0.2886|0.3219|0.3405|0.3444|0.3492|0.3448|0.3332|0.3289|0.3249|0.3197
 5555|0.2910|0.3221|0.3269|0.3308|0.3356|0.3309|0.3217|0.3205|0.3199|0.3075
 5560|0.2929|0.3188|0.3126|0.3168|0.3218|0.3179|0.3128|0.3148|0.3108|0.2906
 5565|0.2936|0.3125|0.2993|0.3040|0.3094|0.3073|0.3065|0.3113|0.2970|0.2698
 5570|0.2925|0.3043|0.2882|0.2935|0.2995|0.2995|0.3025|0.3086|0.2787|0.2465
 5575|0.2898|0.2955|0.2798|0.2858|0.2923|0.2941|0.2995|0.3053|0.2570|0.2226
 5580|0.2857|0.2871|0.2738|0.2803|0.2874|0.2904|0.2958|0.2996|0.2336|0.1997
 5585|0.2810|0.2800|0.2690|0.2761|0.2835|0.2867|0.2897|0.2900|0.2100|0.1787
 5590|0.2766|0.2743|0.2640|0.2714|0.2792|0.2813|0.2798|0.2759|0.1878|0.1602
 5595|0.2731|0.2696|0.2572|0.2647|0.2726|0.2727|0.2654|0.2575|0.1680|0.1443
 5600|0.2710|0.2649|0.2472|0.2546|0.2624|0.2600|0.2469|0.2358|0.1508|0.1304
 5605|0.2703|0.2590|0.2332|0.2403|0.2480|0.2430|0.2253|0.2127|0.1361|0.1182
 5610|0.2700|0.2503|0.2154|0.2221|0.2295|0.2225|0.2024|0.1897|0.1234|0.1069
 5615|0.2690|0.2380|0.1946|0.2009|0.2081|0.2001|0.1797|0.1682|0.1120|0.0960
 5620|0.2654|0.2217|0.1726|0.1783|0.1853|0.1773|0.1586|0.1492|0.1014|0.0854
 5625|0.2577|0.2021|0.1509|0.1562|0.1629|0.1559|0.1402|0.1331|0.0912|0.0748
 5630|0.2450|0.1804|0.1310|0.1360|0.1424|0.1369|0.1247|0.1196|0.0810|0.0647
 5635|0.2272|0.1584|0.1138|0.1186|0.1248|0.1208|0.1119|0.1084|0.0710|0.0550
 5640|0.2054|0.1374|0.0996|0.1042|0.1101|0.1077|0.1014|0.0988|0.0612|0.0463
 5645|0.1814|0.1186|0.0883|0.0927|0.0983|0.0971|0.0925|0.0901|0.0519|0.0385
 5650|0.1573|0.1028|0.0794|0.0837|0.0890|0.0884|0.0846|0.0819|0.0436|0.0320
 5655|0.1350|0.0899|0.0725|0.0766|0.0814|0.0812|0.0771|0.0737|0.0363|0.0267
 5660|0.1155|0.0798|0.0668|0.0707|0.0751|0.0746|0.0697|0.0654|0.0301|0.0224
 5665|0.0994|0.0718|0.0619|0.0655|0.0693|0.0682|0.0621|0.0571|0.0251|0.0190
 5670|0.0864|0.0655|0.0573|0.0604|0.0636|0.0617|0.0544|0.0490|0.0211|0.0164
 5675|0.0763|0.0603|0.0526|0.0552|0.0577|0.0549|0.0469|0.0414|0.0180|0.0143
 5680|0.0684|0.0557|0.0477|0.0498|0.0516|0.0482|0.0398|0.0347|0.0155|0.0127
 5685|0.0622|0.0515|0.0426|0.0442|0.0454|0.0416|0.0335|0.0289|0.0137|0.0115
 5690|0.0571|0.0472|0.0374|0.0386|0.0393|0.0354|0.0280|0.0242|0.0122|0.0104
 5695|0.0525|0.0427|0.0323|0.0331|0.0335|0.0298|0.0234|0.0203|0.0111|0.0095
 5700|0.0480|0.0380|0.0275|0.0280|0.0283|0.0249|0.0197|0.0173|0.0101|0.0087
 5705|0.0436|0.0333|0.0232|0.0236|0.0237|0.0209|0.0167|0.0149|0.0092|0.0078
 5710|0.0390|0.0288|0.0195|0.0198|0.0199|0.0176|0.0143|0.0130|0.0084|0.0070
 5715|0.0345|0.0246|0.0165|0.0168|0.0168|0.0150|0.0125|0.0115|0.0076|0.0063
 5720|0.0300|0.0208|0.0140|0.0143|0.0144|0.0129|0.0110|0.0103|0.0068|0.0055
 5725|0.0257|0.0176|0.0121|0.0123|0.0124|0.0113|0.0099|0.0094|0.0060|0.0047
 5730|0.0219|0.0149|0.0105|0.0108|0.0109|0.0100|0.0089|0.0085|0.0052|0.0040
 5735|0.0185|0.0128|0.0093|0.0096|0.0097|0.0090|0.0081|0.0078|0.0045|0.0034
 5740|0.0157|0.0111|0.0083|0.0086|0.0087|0.0082|0.0074|0.0070|0.0038|0.0029
 5745|0.0134|0.0097|0.0075|0.0078|0.0079|0.0074|0.0067|0.0063|0.0032|0.0023
 5750|0.0116|0.0086|0.0068|0.0070|0.0072|0.0067|0.0060|0.0056|0.0026|0.0017
 5755|0.0101|0.0077|0.0061|0.0064|0.0065|0.0061|0.0054|0.0049|0.0019|0.0009
 5760|0.0089|0.0069|0.0055|0.0057|0.0058|0.0054|0.0047|0.0042|0.0010|0.0003
 5765|0.0079|0.0063|0.0049|0.0051|0.0052|0.0048|0.0040|0.0036|0.0003|0.0000
 5770|0.0071|0.0057|0.0043|0.0044|0.0045|0.0041|0.0034|0.0030|0.0000|0.0000
 5775|0.0064|0.0051|0.0037|0.0038|0.0039|0.0035|0.0029|0.0024|0.0000|0.0000
 5780|0.0058|0.0045|0.0032|0.0032|0.0033|0.0030|0.0023|0.0017|0.0000|0.0000
 5785|0.0052|0.0039|0.0026|0.0026|0.0028|0.0024|0.0017|0.0010|0.0000|0.0000
 5790|0.0046|0.0034|0.0019|0.0019|0.0022|0.0017|0.0009|0.0003|0.0000|0.0000
 5795|0.0041|0.0029|0.0010|0.0010|0.0016|0.0009|0.0003|0.0000|0.0000|0.0000
 5800|0.0035|0.0024|0.0003|0.0003|0.0009|0.0003|0.0000|0.0000|0.0000|0.0000
 5805|0.0030|0.0017|0.0000|0.0000|0.0003|0.0000|0.0000|0.0000|0.0000|0.0000
 5810|0.0025|0.0009|0.0000|0.0000|0.0000|0.0000|0.0000|0.0000|0.0000|0.0000
 5815|0.0018|0.0003|0.0000|0.0000|0.0000|0.0000|0.0000|0.0000|0.0000|0.0000
 5820|0.0010|0.0000|0.0000|0.0000|0.0000|0.0000|0.0000|0.0000|0.0000|0.0000
 5825|0.0003|0.0000|0.0000|0.0000|0.0000|0.0000|0.0000|0.0000|0.0000|0.0000
 5830|0.0000|0.0000|0.0000|0.0000|0.0000|0.0000|0.0000|0.0000|0.0000|0.0000
 5835|0.0000|0.0000|0.0000|0.0000|0.0000|0.0000|0.0000|0.0000|0.0000|0.0000
 5840|0.0000|0.0000|0.0000|0.0000|0.0000|0.0000|0.0000|0.0000|0.0000|0.0000
 5845|0.0000|0.0000|0.0000|0.0000|0.0000|0.0000|0.0000|0.0000|0.0000|0.0000
 5850|0.0000|0.0000|0.0000|0.0000|0.0000|0.0000|0.0000|0.0000|0.0000|0.0000
#---------------------------------------------------------------------------
