##Table: J/A+A/552/A124/tablee6.dat (cdsarc.u-strasbg.fr)
#---------------------------------------------------------------------------
#    l|      |      |      |      |      |      |      |      |      |
#ambda|  Tr00|  Tr23|  Tr47|  Tr70|  Tr93| Tr117| Tr140| Tr163| Tr186| Tr210
#-----|------|------|------|------|------|------|------|------|------|------
 6650|0.0001|0.0001|0.0000|0.0011|0.0013|0.0013|0.0018|0.0024|0.0025|0.0024
 6655|0.0005|0.0005|0.0000|0.0019|0.0023|0.0024|0.0031|0.0043|0.0045|0.0043
 6660|0.0009|0.0009|0.0001|0.0021|0.0025|0.0026|0.0034|0.0048|0.0050|0.0048
 6665|0.0014|0.0014|0.0004|0.0022|0.0027|0.0028|0.0037|0.0051|0.0054|0.0051
 6670|0.0018|0.0018|0.0009|0.0023|0.0029|0.0030|0.0039|0.0055|0.0058|0.0055
 6675|0.0019|0.0019|0.0014|0.0025|0.0030|0.0032|0.0042|0.0058|0.0062|0.0059
 6680|0.0021|0.0020|0.0018|0.0026|0.0032|0.0034|0.0045|0.0063|0.0066|0.0063
 6685|0.0022|0.0022|0.0020|0.0028|0.0034|0.0036|0.0048|0.0067|0.0071|0.0068
 6690|0.0023|0.0023|0.0021|0.0030|0.0037|0.0039|0.0051|0.0072|0.0077|0.0073
 6695|0.0025|0.0024|0.0022|0.0032|0.0039|0.0041|0.0055|0.0077|0.0082|0.0078
 6700|0.0026|0.0026|0.0024|0.0034|0.0042|0.0044|0.0058|0.0083|0.0089|0.0084
 6705|0.0028|0.0028|0.0025|0.0036|0.0045|0.0047|0.0063|0.0089|0.0095|0.0091
 6710|0.0030|0.0029|0.0027|0.0038|0.0048|0.0050|0.0067|0.0096|0.0103|0.0097
 6715|0.0032|0.0031|0.0028|0.0041|0.0051|0.0053|0.0072|0.0103|0.0111|0.0105
 6720|0.0034|0.0033|0.0030|0.0044|0.0054|0.0057|0.0077|0.0111|0.0119|0.0113
 6725|0.0036|0.0035|0.0032|0.0046|0.0058|0.0061|0.0083|0.0120|0.0129|0.0122
 6730|0.0038|0.0038|0.0034|0.0050|0.0062|0.0065|0.0089|0.0129|0.0139|0.0132
 6735|0.0041|0.0040|0.0036|0.0053|0.0066|0.0070|0.0095|0.0139|0.0150|0.0142
 6740|0.0043|0.0043|0.0039|0.0056|0.0071|0.0075|0.0102|0.0150|0.0162|0.0153
 6745|0.0046|0.0046|0.0041|0.0060|0.0076|0.0080|0.0110|0.0161|0.0175|0.0166
 6750|0.0049|0.0049|0.0044|0.0064|0.0081|0.0086|0.0118|0.0174|0.0189|0.0179
 6755|0.0053|0.0052|0.0047|0.0069|0.0087|0.0092|0.0127|0.0188|0.0205|0.0194
 6760|0.0056|0.0055|0.0050|0.0074|0.0093|0.0099|0.0136|0.0203|0.0221|0.0210
 6765|0.0060|0.0059|0.0053|0.0079|0.0100|0.0106|0.0147|0.0220|0.0240|0.0228
 6770|0.0064|0.0063|0.0057|0.0085|0.0107|0.0114|0.0158|0.0237|0.0260|0.0247
 6775|0.0069|0.0068|0.0061|0.0091|0.0115|0.0123|0.0170|0.0257|0.0282|0.0268
 6780|0.0074|0.0072|0.0065|0.0097|0.0124|0.0132|0.0184|0.0278|0.0305|0.0290
 6785|0.0079|0.0077|0.0070|0.0104|0.0133|0.0142|0.0198|0.0301|0.0331|0.0315
 6790|0.0084|0.0083|0.0074|0.0112|0.0143|0.0152|0.0214|0.0326|0.0359|0.0342
 6795|0.0090|0.0089|0.0080|0.0120|0.0154|0.0164|0.0231|0.0353|0.0390|0.0371
 6800|0.0097|0.0095|0.0085|0.0129|0.0165|0.0176|0.0249|0.0382|0.0423|0.0403
 6805|0.0104|0.0102|0.0091|0.0138|0.0178|0.0190|0.0269|0.0414|0.0459|0.0437
 6810|0.0111|0.0109|0.0098|0.0149|0.0192|0.0205|0.0290|0.0448|0.0499|0.0475
 6815|0.0119|0.0117|0.0105|0.0160|0.0206|0.0221|0.0314|0.0485|0.0541|0.0516
 6820|0.0128|0.0126|0.0112|0.0172|0.0222|0.0238|0.0339|0.0526|0.0587|0.0561
 6825|0.0137|0.0135|0.0121|0.0185|0.0240|0.0256|0.0367|0.0570|0.0638|0.0609
 6830|0.0148|0.0145|0.0129|0.0199|0.0258|0.0277|0.0396|0.0617|0.0692|0.0661
 6835|0.0159|0.0156|0.0139|0.0214|0.0278|0.0299|0.0429|0.0669|0.0751|0.0719
 6840|0.0170|0.0167|0.0149|0.0231|0.0300|0.0322|0.0464|0.0725|0.0815|0.0780
 6845|0.0183|0.0180|0.0160|0.0248|0.0324|0.0348|0.0502|0.0785|0.0884|0.0847
 6850|0.0197|0.0194|0.0172|0.0268|0.0350|0.0376|0.0543|0.0850|0.0958|0.0920
 6855|0.0212|0.0208|0.0185|0.0289|0.0378|0.0406|0.0587|0.0919|0.1037|0.0996
 6860|0.0222|0.0218|0.0194|0.0303|0.0397|0.0427|0.0619|0.0967|0.1093|0.1051
 6865|0.0221|0.0216|0.0193|0.0301|0.0395|0.0425|0.0617|0.0963|0.1089|0.1048
 6870|0.0220|0.0216|0.0192|0.0301|0.0395|0.0425|0.0617|0.0962|0.1088|0.1048
 6875|0.0235|0.0231|0.0205|0.0322|0.0424|0.0457|0.0663|0.1031|0.1166|0.1125
 6880|0.0259|0.0254|0.0226|0.0355|0.0467|0.0504|0.0731|0.1134|0.1282|0.1239
 6885|0.0282|0.0276|0.0246|0.0387|0.0510|0.0549|0.0797|0.1231|0.1392|0.1346
 6890|0.0305|0.0299|0.0265|0.0419|0.0552|0.0595|0.0862|0.1327|0.1498|0.1451
 6895|0.0330|0.0323|0.0287|0.0453|0.0597|0.0644|0.0932|0.1427|0.1610|0.1562
 6900|0.0361|0.0354|0.0314|0.0497|0.0655|0.0706|0.1020|0.1552|0.1747|0.1697
 6905|0.0405|0.0397|0.0352|0.0558|0.0734|0.0792|0.1141|0.1724|0.1938|0.1885
 6910|0.0454|0.0445|0.0395|0.0626|0.0823|0.0888|0.1275|0.1912|0.2144|0.2089
 6915|0.0500|0.0490|0.0435|0.0688|0.0905|0.0976|0.1397|0.2076|0.2321|0.2265
 6920|0.0545|0.0534|0.0474|0.0750|0.0984|0.1061|0.1512|0.2226|0.2482|0.2425
 6925|0.0591|0.0579|0.0514|0.0813|0.1066|0.1149|0.1629|0.2373|0.2637|0.2580
 6930|0.0640|0.0627|0.0557|0.0880|0.1150|0.1239|0.1747|0.2517|0.2787|0.2730
 6935|0.0691|0.0677|0.0602|0.0949|0.1238|0.1333|0.1867|0.2658|0.2931|0.2876
 6940|0.0748|0.0733|0.0651|0.1025|0.1333|0.1434|0.1994|0.2802|0.3077|0.3023
 6945|0.0811|0.0795|0.0707|0.1109|0.1438|0.1545|0.2133|0.2957|0.3233|0.3180
 6950|0.0878|0.0861|0.0766|0.1199|0.1548|0.1662|0.2275|0.3109|0.3384|0.3333
 6955|0.0947|0.0928|0.0827|0.1288|0.1657|0.1776|0.2409|0.3245|0.3515|0.3466
 6960|0.1021|0.1001|0.0893|0.1385|0.1773|0.1897|0.2549|0.3383|0.3647|0.3600
 6965|0.1109|0.1088|0.0971|0.1498|0.1908|0.2039|0.2711|0.3543|0.3802|0.3757
 6970|0.1204|0.1181|0.1056|0.1620|0.2050|0.2188|0.2877|0.3703|0.3955|0.3912
 6975|0.1299|0.1274|0.1141|0.1737|0.2186|0.2328|0.3027|0.3835|0.4077|0.4036
 6980|0.1392|0.1366|0.1226|0.1852|0.2315|0.2461|0.3161|0.3944|0.4173|0.4135
 6985|0.1486|0.1458|0.1311|0.1964|0.2437|0.2586|0.3281|0.4032|0.4246|0.4211
 6990|0.1584|0.1555|0.1401|0.2080|0.2561|0.2711|0.3398|0.4112|0.4311|0.4279
 6995|0.1691|0.1661|0.1500|0.2205|0.2693|0.2844|0.3520|0.4198|0.4383|0.4354
 7000|0.1807|0.1775|0.1607|0.2337|0.2831|0.2982|0.3645|0.4285|0.4456|0.4429
 7005|0.1928|0.1895|0.1720|0.2473|0.2970|0.3121|0.3767|0.4367|0.4525|0.4501
 7010|0.2052|0.2019|0.1837|0.2609|0.3106|0.3256|0.3881|0.4441|0.4585|0.4563
 7015|0.2176|0.2143|0.1956|0.2742|0.3235|0.3383|0.3982|0.4500|0.4632|0.4611
 7020|0.2304|0.2270|0.2078|0.2875|0.3361|0.3505|0.4076|0.4552|0.4672|0.4653
 7025|0.2438|0.2403|0.2207|0.3012|0.3488|0.3628|0.4170|0.4605|0.4713|0.4696
 7030|0.2576|0.2540|0.2342|0.3150|0.3614|0.3750|0.4261|0.4657|0.4754|0.4739
 7035|0.2717|0.2681|0.2482|0.3288|0.3738|0.3869|0.4349|0.4707|0.4794|0.4781
 7040|0.2858|0.2823|0.2623|0.3423|0.3856|0.3981|0.4429|0.4751|0.4829|0.4818
 7045|0.2996|0.2962|0.2763|0.3551|0.3965|0.4085|0.4499|0.4786|0.4856|0.4847
 7050|0.3131|0.3098|0.2900|0.3672|0.4065|0.4178|0.4559|0.4813|0.4876|0.4868
 7055|0.3260|0.3227|0.3034|0.3783|0.4153|0.4259|0.4607|0.4831|0.4887|0.4880
 7060|0.3386|0.3355|0.3166|0.3889|0.4234|0.4334|0.4650|0.4845|0.4895|0.4890
 7065|0.3513|0.3483|0.3300|0.3993|0.4315|0.4408|0.4693|0.4863|0.4907|0.4903
 7070|0.3635|0.3607|0.3431|0.4091|0.4389|0.4475|0.4731|0.4877|0.4917|0.4914
 7075|0.3747|0.3721|0.3553|0.4177|0.4449|0.4529|0.4757|0.4881|0.4917|0.4915
 7080|0.3853|0.3829|0.3670|0.4255|0.4503|0.4576|0.4778|0.4883|0.4915|0.4915
 7085|0.3958|0.3936|0.3786|0.4332|0.4556|0.4623|0.4801|0.4888|0.4917|0.4918
 7090|0.4057|0.4037|0.3897|0.4403|0.4604|0.4666|0.4821|0.4893|0.4919|0.4920
 7095|0.4146|0.4128|0.3999|0.4463|0.4643|0.4699|0.4834|0.4892|0.4916|0.4918
 7100|0.4226|0.4210|0.4092|0.4516|0.4674|0.4725|0.4842|0.4887|0.4909|0.4912
 7105|0.4300|0.4286|0.4178|0.4563|0.4702|0.4748|0.4848|0.4883|0.4903|0.4907
 7110|0.4367|0.4356|0.4258|0.4604|0.4726|0.4768|0.4852|0.4878|0.4897|0.4901
 7115|0.4429|0.4420|0.4332|0.4642|0.4747|0.4785|0.4856|0.4874|0.4892|0.4897
 7120|0.4484|0.4476|0.4398|0.4674|0.4765|0.4799|0.4858|0.4869|0.4885|0.4891
 7125|0.4530|0.4525|0.4456|0.4699|0.4776|0.4807|0.4856|0.4861|0.4876|0.4882
 7130|0.4570|0.4566|0.4506|0.4719|0.4784|0.4811|0.4851|0.4852|0.4865|0.4871
 7135|0.4605|0.4602|0.4550|0.4734|0.4789|0.4813|0.4845|0.4841|0.4854|0.4860
 7140|0.4631|0.4629|0.4585|0.4744|0.4788|0.4810|0.4835|0.4828|0.4839|0.4845
 7145|0.4646|0.4646|0.4608|0.4743|0.4779|0.4799|0.4817|0.4807|0.4818|0.4824
 7150|0.4658|0.4659|0.4628|0.4742|0.4770|0.4787|0.4800|0.4788|0.4798|0.4803
 7155|0.4674|0.4676|0.4650|0.4745|0.4767|0.4782|0.4791|0.4777|0.4785|0.4791
 7160|0.4662|0.4665|0.4643|0.4722|0.4738|0.4750|0.4755|0.4740|0.4747|0.4752
 7165|0.4584|0.4588|0.4572|0.4634|0.4645|0.4656|0.4657|0.4641|0.4647|0.4652
 7170|0.4493|0.4497|0.4484|0.4533|0.4540|0.4549|0.4548|0.4531|0.4535|0.4539
 7175|0.4433|0.4438|0.4429|0.4466|0.4469|0.4477|0.4473|0.4456|0.4459|0.4463
 7180|0.4374|0.4379|0.4372|0.4400|0.4400|0.4406|0.4402|0.4384|0.4386|0.4389
 7185|0.4282|0.4287|0.4283|0.4303|0.4301|0.4306|0.4300|0.4282|0.4283|0.4285
 7190|0.4209|0.4214|0.4212|0.4225|0.4221|0.4225|0.4218|0.4200|0.4199|0.4201
 7195|0.4208|0.4214|0.4213|0.4221|0.4215|0.4218|0.4210|0.4192|0.4190|0.4191
 7200|0.4263|0.4268|0.4268|0.4272|0.4265|0.4267|0.4258|0.4240|0.4237|0.4237
 7205|0.4362|0.4367|0.4368|0.4369|0.4360|0.4361|0.4352|0.4334|0.4329|0.4328
 7210|0.4476|0.4482|0.4483|0.4481|0.4472|0.4472|0.4462|0.4443|0.4436|0.4434
 7215|0.4579|0.4584|0.4587|0.4582|0.4571|0.4571|0.4560|0.4541|0.4532|0.4530
 7220|0.4635|0.4640|0.4643|0.4637|0.4626|0.4624|0.4613|0.4594|0.4584|0.4580
 7225|0.4605|0.4610|0.4613|0.4605|0.4594|0.4592|0.4581|0.4562|0.4550|0.4545
 7230|0.4527|0.4533|0.4535|0.4527|0.4516|0.4513|0.4502|0.4483|0.4470|0.4464
 7235|0.4437|0.4442|0.4444|0.4435|0.4424|0.4421|0.4410|0.4392|0.4377|0.4371
 7240|0.4385|0.4390|0.4392|0.4383|0.4373|0.4368|0.4358|0.4340|0.4324|0.4316
 7245|0.4428|0.4432|0.4435|0.4426|0.4415|0.4410|0.4400|0.4382|0.4364|0.4355
 7250|0.4481|0.4485|0.4487|0.4479|0.4467|0.4462|0.4452|0.4434|0.4415|0.4404
 7255|0.4463|0.4466|0.4468|0.4460|0.4449|0.4443|0.4433|0.4416|0.4395|0.4383
 7260|0.4424|0.4427|0.4429|0.4421|0.4410|0.4404|0.4394|0.4377|0.4355|0.4342
 7265|0.4413|0.4416|0.4417|0.4410|0.4399|0.4393|0.4383|0.4366|0.4342|0.4329
 7270|0.4406|0.4408|0.4409|0.4403|0.4392|0.4386|0.4376|0.4359|0.4334|0.4319
 7275|0.4377|0.4380|0.4380|0.4375|0.4365|0.4357|0.4348|0.4331|0.4305|0.4290
 7280|0.4360|0.4363|0.4363|0.4359|0.4348|0.4341|0.4332|0.4315|0.4288|0.4271
 7285|0.4389|0.4392|0.4391|0.4388|0.4377|0.4369|0.4361|0.4344|0.4315|0.4298
 7290|0.4439|0.4442|0.4441|0.4438|0.4427|0.4419|0.4411|0.4394|0.4364|0.4345
 7295|0.4488|0.4490|0.4489|0.4487|0.4476|0.4468|0.4459|0.4442|0.4411|0.4391
 7300|0.4519|0.4521|0.4520|0.4518|0.4508|0.4499|0.4491|0.4474|0.4442|0.4421
 7305|0.4517|0.4519|0.4517|0.4516|0.4506|0.4497|0.4490|0.4473|0.4439|0.4418
 7310|0.4511|0.4513|0.4511|0.4511|0.4500|0.4491|0.4484|0.4467|0.4433|0.4411
 7315|0.4530|0.4532|0.4530|0.4530|0.4519|0.4511|0.4503|0.4487|0.4452|0.4429
 7320|0.4562|0.4564|0.4562|0.4562|0.4551|0.4543|0.4536|0.4519|0.4483|0.4459
 7325|0.4596|0.4598|0.4596|0.4596|0.4585|0.4577|0.4570|0.4553|0.4517|0.4492
 7330|0.4630|0.4632|0.4630|0.4631|0.4620|0.4611|0.4605|0.4588|0.4551|0.4525
 7335|0.4664|0.4665|0.4663|0.4664|0.4653|0.4645|0.4638|0.4621|0.4584|0.4558
 7340|0.4684|0.4686|0.4683|0.4685|0.4673|0.4666|0.4659|0.4643|0.4605|0.4578
 7345|0.4679|0.4681|0.4678|0.4680|0.4668|0.4661|0.4655|0.4638|0.4601|0.4573
 7350|0.4668|0.4669|0.4667|0.4669|0.4657|0.4650|0.4644|0.4628|0.4590|0.4563
 7355|0.4668|0.4669|0.4668|0.4669|0.4657|0.4651|0.4645|0.4629|0.4591|0.4564
 7360|0.4669|0.4671|0.4670|0.4670|0.4658|0.4652|0.4647|0.4631|0.4594|0.4566
 7365|0.4662|0.4664|0.4663|0.4663|0.4651|0.4645|0.4640|0.4625|0.4588|0.4560
 7370|0.4657|0.4659|0.4659|0.4658|0.4646|0.4641|0.4636|0.4621|0.4585|0.4557
 7375|0.4667|0.4669|0.4669|0.4668|0.4656|0.4651|0.4647|0.4632|0.4596|0.4568
 7380|0.4681|0.4684|0.4684|0.4682|0.4670|0.4666|0.4662|0.4647|0.4612|0.4585
 7385|0.4691|0.4693|0.4694|0.4691|0.4679|0.4676|0.4672|0.4657|0.4623|0.4596
 7390|0.4695|0.4697|0.4698|0.4695|0.4683|0.4681|0.4677|0.4662|0.4629|0.4602
 7395|0.4692|0.4695|0.4697|0.4692|0.4680|0.4679|0.4675|0.4660|0.4628|0.4602
 7400|0.4688|0.4691|0.4693|0.4688|0.4675|0.4675|0.4672|0.4657|0.4626|0.4601
 7405|0.4686|0.4689|0.4692|0.4686|0.4673|0.4673|0.4670|0.4656|0.4626|0.4601
 7410|0.4684|0.4687|0.4690|0.4683|0.4670|0.4671|0.4669|0.4655|0.4627|0.4602
 7415|0.4679|0.4683|0.4687|0.4679|0.4666|0.4667|0.4666|0.4652|0.4625|0.4600
 7420|0.4673|0.4677|0.4682|0.4673|0.4660|0.4662|0.4661|0.4647|0.4622|0.4598
 7425|0.4667|0.4671|0.4676|0.4666|0.4653|0.4656|0.4655|0.4642|0.4618|0.4595
 7430|0.4659|0.4664|0.4670|0.4659|0.4646|0.4650|0.4649|0.4636|0.4614|0.4592
 7435|0.4652|0.4657|0.4664|0.4651|0.4639|0.4644|0.4643|0.4631|0.4609|0.4588
 7440|0.4645|0.4650|0.4658|0.4644|0.4632|0.4638|0.4637|0.4625|0.4605|0.4586
 7445|0.4639|0.4644|0.4652|0.4637|0.4625|0.4632|0.4632|0.4620|0.4602|0.4583
 7450|0.4631|0.4637|0.4646|0.4630|0.4618|0.4625|0.4626|0.4614|0.4598|0.4580
 7455|0.4623|0.4629|0.4638|0.4622|0.4609|0.4617|0.4618|0.4607|0.4593|0.4575
 7460|0.4614|0.4620|0.4629|0.4612|0.4600|0.4609|0.4610|0.4600|0.4587|0.4570
 7465|0.4604|0.4610|0.4620|0.4602|0.4590|0.4600|0.4601|0.4591|0.4580|0.4565
 7470|0.4594|0.4600|0.4611|0.4592|0.4580|0.4591|0.4592|0.4583|0.4574|0.4559
 7475|0.4584|0.4591|0.4602|0.4582|0.4571|0.4581|0.4584|0.4575|0.4567|0.4553
 7480|0.4574|0.4581|0.4592|0.4572|0.4561|0.4572|0.4575|0.4567|0.4560|0.4547
 7485|0.4563|0.4570|0.4582|0.4561|0.4550|0.4562|0.4565|0.4558|0.4553|0.4541
 7490|0.4552|0.4560|0.4572|0.4551|0.4540|0.4552|0.4556|0.4549|0.4545|0.4534
 7495|0.4542|0.4549|0.4561|0.4540|0.4529|0.4542|0.4546|0.4540|0.4538|0.4528
 7500|0.4531|0.4538|0.4551|0.4529|0.4519|0.4532|0.4536|0.4531|0.4530|0.4521
 7505|0.4520|0.4527|0.4540|0.4518|0.4508|0.4522|0.4527|0.4522|0.4522|0.4514
 7510|0.4509|0.4516|0.4529|0.4508|0.4498|0.4512|0.4517|0.4513|0.4515|0.4507
 7515|0.4499|0.4506|0.4519|0.4497|0.4488|0.4503|0.4508|0.4505|0.4508|0.4501
 7520|0.4489|0.4496|0.4509|0.4487|0.4479|0.4493|0.4499|0.4497|0.4501|0.4495
 7525|0.4479|0.4486|0.4499|0.4478|0.4469|0.4484|0.4491|0.4489|0.4494|0.4488
 7530|0.4469|0.4477|0.4489|0.4468|0.4460|0.4475|0.4482|0.4482|0.4488|0.4482
 7535|0.4459|0.4466|0.4479|0.4458|0.4451|0.4466|0.4473|0.4474|0.4481|0.4476
 7540|0.4449|0.4456|0.4468|0.4449|0.4442|0.4456|0.4464|0.4466|0.4474|0.4470
 7545|0.4439|0.4446|0.4458|0.4439|0.4432|0.4447|0.4456|0.4458|0.4467|0.4463
 7550|0.4429|0.4436|0.4447|0.4429|0.4423|0.4437|0.4447|0.4451|0.4460|0.4456
 7555|0.4419|0.4426|0.4437|0.4419|0.4414|0.4428|0.4438|0.4442|0.4452|0.4449
 7560|0.4409|0.4415|0.4426|0.4409|0.4404|0.4418|0.4429|0.4434|0.4445|0.4442
 7565|0.4399|0.4405|0.4415|0.4399|0.4395|0.4409|0.4420|0.4426|0.4437|0.4434
 7570|0.4389|0.4395|0.4404|0.4389|0.4385|0.4399|0.4411|0.4418|0.4430|0.4427
 7575|0.4377|0.4383|0.4391|0.4378|0.4375|0.4389|0.4401|0.4409|0.4421|0.4418
 7580|0.4353|0.4358|0.4365|0.4354|0.4351|0.4364|0.4377|0.4386|0.4398|0.4395
 7585|0.4284|0.4289|0.4295|0.4285|0.4283|0.4296|0.4309|0.4319|0.4330|0.4328
 7590|0.3905|0.3909|0.3914|0.3906|0.3905|0.3916|0.3929|0.3939|0.3949|0.3947
 7595|0.2917|0.2920|0.2923|0.2918|0.2917|0.2925|0.2935|0.2943|0.2951|0.2949
 7600|0.1907|0.1909|0.1911|0.1908|0.1908|0.1913|0.1920|0.1926|0.1931|0.1930
 7605|0.1471|0.1472|0.1474|0.1472|0.1472|0.1476|0.1482|0.1486|0.1490|0.1489
 7610|0.1566|0.1567|0.1568|0.1568|0.1568|0.1572|0.1578|0.1583|0.1587|0.1586
 7615|0.2201|0.2203|0.2203|0.2203|0.2204|0.2209|0.2218|0.2226|0.2232|0.2230
 7620|0.2751|0.2752|0.2752|0.2753|0.2754|0.2760|0.2772|0.2783|0.2790|0.2787
 7625|0.2600|0.2601|0.2601|0.2603|0.2604|0.2610|0.2621|0.2631|0.2638|0.2635
 7630|0.2271|0.2272|0.2271|0.2273|0.2275|0.2279|0.2289|0.2299|0.2304|0.2302
 7635|0.2268|0.2268|0.2267|0.2271|0.2272|0.2276|0.2287|0.2297|0.2302|0.2299
 7640|0.2461|0.2461|0.2459|0.2465|0.2466|0.2470|0.2482|0.2494|0.2499|0.2495
 7645|0.2732|0.2732|0.2728|0.2736|0.2738|0.2742|0.2756|0.2769|0.2774|0.2770
 7650|0.2993|0.2993|0.2988|0.2998|0.3000|0.3004|0.3020|0.3034|0.3040|0.3035
 7655|0.3167|0.3167|0.3161|0.3172|0.3175|0.3179|0.3196|0.3212|0.3217|0.3211
 7660|0.3330|0.3329|0.3323|0.3335|0.3339|0.3343|0.3360|0.3378|0.3383|0.3376
 7665|0.3555|0.3554|0.3546|0.3561|0.3565|0.3569|0.3588|0.3607|0.3611|0.3604
 7670|0.3779|0.3777|0.3768|0.3785|0.3790|0.3794|0.3814|0.3835|0.3839|0.3831
 7675|0.3935|0.3933|0.3922|0.3942|0.3947|0.3950|0.3972|0.3994|0.3997|0.3988
 7680|0.4041|0.4038|0.4026|0.4048|0.4054|0.4056|0.4079|0.4101|0.4104|0.4094
 7685|0.4107|0.4104|0.4091|0.4115|0.4120|0.4122|0.4146|0.4168|0.4171|0.4160
 7690|0.4151|0.4147|0.4133|0.4159|0.4165|0.4166|0.4190|0.4213|0.4215|0.4204
 7695|0.4185|0.4181|0.4166|0.4193|0.4199|0.4200|0.4224|0.4247|0.4248|0.4237
 7700|0.4212|0.4207|0.4191|0.4220|0.4226|0.4226|0.4251|0.4274|0.4274|0.4262
 7705|0.4233|0.4228|0.4211|0.4241|0.4247|0.4247|0.4272|0.4294|0.4294|0.4282
 7710|0.4247|0.4242|0.4225|0.4256|0.4262|0.4261|0.4286|0.4308|0.4307|0.4294
 7715|0.4255|0.4250|0.4231|0.4263|0.4270|0.4268|0.4293|0.4314|0.4312|0.4300
 7720|0.4258|0.4253|0.4234|0.4267|0.4273|0.4271|0.4296|0.4316|0.4314|0.4301
 7725|0.4260|0.4254|0.4234|0.4268|0.4274|0.4272|0.4296|0.4316|0.4313|0.4299
 7730|0.4261|0.4255|0.4235|0.4269|0.4274|0.4272|0.4296|0.4315|0.4311|0.4297
 7735|0.4262|0.4256|0.4235|0.4270|0.4274|0.4272|0.4295|0.4313|0.4309|0.4295
 7740|0.4263|0.4257|0.4236|0.4271|0.4275|0.4273|0.4295|0.4312|0.4307|0.4292
 7745|0.4265|0.4259|0.4238|0.4273|0.4277|0.4274|0.4296|0.4311|0.4305|0.4291
 7750|0.4268|0.4261|0.4240|0.4275|0.4278|0.4275|0.4297|0.4311|0.4304|0.4289
 7755|0.4269|0.4262|0.4241|0.4275|0.4278|0.4275|0.4295|0.4308|0.4300|0.4286
 7760|0.4269|0.4262|0.4241|0.4275|0.4277|0.4274|0.4293|0.4304|0.4296|0.4282
 7765|0.4269|0.4263|0.4241|0.4275|0.4276|0.4273|0.4291|0.4300|0.4292|0.4278
 7770|0.4269|0.4263|0.4242|0.4275|0.4275|0.4272|0.4289|0.4296|0.4287|0.4273
 7775|0.4269|0.4263|0.4242|0.4274|0.4274|0.4271|0.4286|0.4291|0.4282|0.4268
 7780|0.4268|0.4262|0.4241|0.4273|0.4271|0.4268|0.4283|0.4285|0.4276|0.4262
 7785|0.4267|0.4261|0.4241|0.4271|0.4269|0.4265|0.4278|0.4279|0.4269|0.4256
 7790|0.4265|0.4259|0.4239|0.4269|0.4265|0.4262|0.4273|0.4271|0.4261|0.4248
 7795|0.4263|0.4258|0.4238|0.4266|0.4262|0.4258|0.4268|0.4264|0.4253|0.4241
 7800|0.4260|0.4255|0.4236|0.4262|0.4257|0.4254|0.4262|0.4255|0.4244|0.4232
 7805|0.4256|0.4251|0.4233|0.4257|0.4251|0.4247|0.4254|0.4244|0.4232|0.4221
 7810|0.4250|0.4246|0.4228|0.4250|0.4243|0.4239|0.4244|0.4232|0.4220|0.4209
 7815|0.4244|0.4240|0.4223|0.4243|0.4235|0.4231|0.4234|0.4220|0.4207|0.4197
 7820|0.4238|0.4234|0.4218|0.4236|0.4227|0.4223|0.4224|0.4207|0.4194|0.4185
 7825|0.4231|0.4228|0.4213|0.4229|0.4218|0.4214|0.4213|0.4194|0.4180|0.4172
 7830|0.4224|0.4222|0.4207|0.4221|0.4209|0.4205|0.4202|0.4180|0.4166|0.4158
 7835|0.4217|0.4214|0.4201|0.4213|0.4199|0.4196|0.4190|0.4165|0.4151|0.4144
 7840|0.4209|0.4207|0.4195|0.4204|0.4189|0.4185|0.4178|0.4151|0.4135|0.4129
 7845|0.4202|0.4200|0.4189|0.4195|0.4180|0.4176|0.4166|0.4136|0.4120|0.4115
 7850|0.4194|0.4193|0.4183|0.4187|0.4170|0.4166|0.4154|0.4121|0.4105|0.4100
 7855|0.4185|0.4185|0.4176|0.4177|0.4159|0.4154|0.4140|0.4105|0.4089|0.4084
 7860|0.4173|0.4173|0.4165|0.4164|0.4144|0.4140|0.4124|0.4086|0.4069|0.4066
 7865|0.4156|0.4156|0.4150|0.4146|0.4125|0.4121|0.4102|0.4063|0.4045|0.4042
 7870|0.4139|0.4140|0.4134|0.4128|0.4107|0.4102|0.4081|0.4039|0.4021|0.4018
 7875|0.4127|0.4129|0.4124|0.4115|0.4093|0.4087|0.4065|0.4021|0.4002|0.4000
 7880|0.4115|0.4117|0.4113|0.4102|0.4078|0.4073|0.4048|0.4002|0.3982|0.3981
 7885|0.4096|0.4099|0.4096|0.4082|0.4058|0.4052|0.4025|0.3977|0.3957|0.3956
 7890|0.4075|0.4078|0.4076|0.4061|0.4035|0.4028|0.4000|0.3950|0.3929|0.3928
 7895|0.4056|0.4059|0.4058|0.4040|0.4014|0.4007|0.3976|0.3925|0.3903|0.3903
 7900|0.4040|0.4043|0.4042|0.4023|0.3996|0.3988|0.3956|0.3903|0.3880|0.3880
 7905|0.4027|0.4031|0.4031|0.4010|0.3982|0.3973|0.3940|0.3885|0.3862|0.3861
 7910|0.4019|0.4023|0.4024|0.4001|0.3972|0.3962|0.3927|0.3871|0.3847|0.3846
 7915|0.4014|0.4018|0.4019|0.3995|0.3965|0.3955|0.3918|0.3861|0.3836|0.3835
 7920|0.4007|0.4011|0.4013|0.3987|0.3957|0.3946|0.3907|0.3849|0.3823|0.3822
 7925|0.3991|0.3996|0.3998|0.3971|0.3940|0.3928|0.3888|0.3829|0.3802|0.3801
 7930|0.3979|0.3983|0.3986|0.3958|0.3926|0.3913|0.3872|0.3812|0.3784|0.3783
 7935|0.3979|0.3983|0.3987|0.3957|0.3925|0.3911|0.3869|0.3808|0.3778|0.3777
 7940|0.3979|0.3984|0.3987|0.3957|0.3923|0.3909|0.3865|0.3804|0.3773|0.3771
 7945|0.3967|0.3971|0.3975|0.3943|0.3910|0.3895|0.3850|0.3788|0.3755|0.3753
 7950|0.3942|0.3947|0.3950|0.3918|0.3885|0.3869|0.3823|0.3761|0.3728|0.3724
 7955|0.3907|0.3911|0.3914|0.3882|0.3848|0.3831|0.3785|0.3723|0.3689|0.3685
 7960|0.3876|0.3880|0.3883|0.3851|0.3817|0.3799|0.3753|0.3690|0.3656|0.3651
 7965|0.3867|0.3871|0.3874|0.3842|0.3808|0.3788|0.3741|0.3679|0.3643|0.3638
 7970|0.3866|0.3870|0.3872|0.3841|0.3806|0.3786|0.3738|0.3676|0.3638|0.3633
 7975|0.3860|0.3864|0.3865|0.3834|0.3800|0.3778|0.3730|0.3667|0.3629|0.3622
 7980|0.3851|0.3855|0.3855|0.3825|0.3790|0.3767|0.3719|0.3657|0.3617|0.3610
 7985|0.3842|0.3845|0.3846|0.3816|0.3781|0.3757|0.3709|0.3647|0.3606|0.3597
 7990|0.3832|0.3834|0.3834|0.3805|0.3770|0.3745|0.3696|0.3635|0.3593|0.3583
 7995|0.3817|0.3819|0.3818|0.3790|0.3755|0.3729|0.3680|0.3620|0.3576|0.3566
 8000|0.3799|0.3801|0.3799|0.3772|0.3737|0.3710|0.3662|0.3602|0.3557|0.3546
 8005|0.3779|0.3780|0.3777|0.3751|0.3717|0.3688|0.3640|0.3582|0.3536|0.3524
 8010|0.3764|0.3765|0.3761|0.3736|0.3702|0.3673|0.3625|0.3567|0.3520|0.3507
 8015|0.3764|0.3764|0.3760|0.3736|0.3702|0.3672|0.3624|0.3567|0.3519|0.3504
 8020|0.3766|0.3766|0.3761|0.3738|0.3704|0.3673|0.3625|0.3569|0.3520|0.3504
 8025|0.3758|0.3758|0.3752|0.3730|0.3696|0.3664|0.3617|0.3562|0.3512|0.3495
 8030|0.3749|0.3748|0.3741|0.3721|0.3687|0.3655|0.3608|0.3553|0.3503|0.3485
 8035|0.3745|0.3744|0.3737|0.3718|0.3683|0.3651|0.3605|0.3550|0.3500|0.3481
 8040|0.3743|0.3742|0.3735|0.3716|0.3681|0.3649|0.3603|0.3549|0.3498|0.3479
 8045|0.3738|0.3737|0.3729|0.3711|0.3676|0.3644|0.3599|0.3545|0.3494|0.3474
 8050|0.3734|0.3733|0.3725|0.3707|0.3672|0.3640|0.3594|0.3541|0.3490|0.3469
 8055|0.3734|0.3733|0.3724|0.3706|0.3671|0.3639|0.3594|0.3541|0.3490|0.3468
 8060|0.3733|0.3732|0.3722|0.3705|0.3670|0.3638|0.3593|0.3541|0.3489|0.3467
 8065|0.3727|0.3725|0.3716|0.3699|0.3664|0.3631|0.3587|0.3535|0.3484|0.3461
 8070|0.3719|0.3717|0.3708|0.3690|0.3655|0.3623|0.3579|0.3528|0.3477|0.3454
 8075|0.3712|0.3711|0.3701|0.3684|0.3649|0.3617|0.3573|0.3522|0.3471|0.3449
 8080|0.3705|0.3704|0.3695|0.3677|0.3641|0.3610|0.3567|0.3515|0.3466|0.3443
 8085|0.3695|0.3694|0.3685|0.3667|0.3631|0.3600|0.3557|0.3506|0.3457|0.3434
 8090|0.3682|0.3681|0.3672|0.3653|0.3617|0.3588|0.3545|0.3494|0.3446|0.3423
 8095|0.3666|0.3665|0.3657|0.3637|0.3601|0.3572|0.3530|0.3478|0.3432|0.3410
 8100|0.3649|0.3648|0.3641|0.3620|0.3583|0.3556|0.3513|0.3462|0.3417|0.3395
 8105|0.3631|0.3631|0.3625|0.3602|0.3565|0.3539|0.3497|0.3445|0.3402|0.3381
 8110|0.3612|0.3612|0.3606|0.3582|0.3545|0.3520|0.3478|0.3426|0.3385|0.3364
 8115|0.3587|0.3588|0.3584|0.3558|0.3520|0.3497|0.3455|0.3403|0.3363|0.3344
 8120|0.3559|0.3560|0.3557|0.3529|0.3491|0.3469|0.3428|0.3375|0.3338|0.3319
 8125|0.3527|0.3528|0.3527|0.3497|0.3459|0.3439|0.3397|0.3344|0.3309|0.3292
 8130|0.3485|0.3487|0.3487|0.3455|0.3416|0.3398|0.3357|0.3303|0.3271|0.3255
 8135|0.3424|0.3427|0.3430|0.3395|0.3356|0.3340|0.3299|0.3245|0.3216|0.3202
 8140|0.3359|0.3362|0.3367|0.3329|0.3290|0.3277|0.3236|0.3182|0.3155|0.3143
 8145|0.3299|0.3304|0.3310|0.3270|0.3231|0.3219|0.3179|0.3124|0.3101|0.3091
 8150|0.3252|0.3257|0.3265|0.3222|0.3183|0.3173|0.3133|0.3078|0.3057|0.3049
 8155|0.3222|0.3228|0.3239|0.3192|0.3153|0.3145|0.3104|0.3048|0.3030|0.3024
 8160|0.3190|0.3197|0.3210|0.3160|0.3120|0.3115|0.3074|0.3016|0.3001|0.2997
 8165|0.3136|0.3144|0.3160|0.3107|0.3067|0.3063|0.3022|0.2964|0.2952|0.2950
 8170|0.3083|0.3092|0.3110|0.3053|0.3013|0.3011|0.2970|0.2912|0.2902|0.2903
 8175|0.3053|0.3063|0.3083|0.3023|0.2983|0.2983|0.2941|0.2881|0.2875|0.2877
 8180|0.3050|0.3061|0.3084|0.3019|0.2978|0.2980|0.2938|0.2876|0.2873|0.2877
 8185|0.3079|0.3091|0.3117|0.3047|0.3005|0.3009|0.2965|0.2901|0.2900|0.2907
 8190|0.3108|0.3121|0.3150|0.3075|0.3032|0.3038|0.2992|0.2926|0.2928|0.2937
 8195|0.3106|0.3120|0.3152|0.3074|0.3029|0.3037|0.2990|0.2922|0.2927|0.2939
 8200|0.3106|0.3121|0.3157|0.3073|0.3028|0.3037|0.2990|0.2920|0.2927|0.2942
 8205|0.3138|0.3154|0.3193|0.3104|0.3058|0.3069|0.3020|0.2947|0.2957|0.2974
 8210|0.3164|0.3181|0.3223|0.3129|0.3081|0.3094|0.3043|0.2969|0.2981|0.3001
 8215|0.3142|0.3160|0.3205|0.3107|0.3059|0.3073|0.3021|0.2946|0.2961|0.2983
 8220|0.3053|0.3071|0.3117|0.3018|0.2971|0.2986|0.2934|0.2860|0.2876|0.2900
 8225|0.2872|0.2890|0.2936|0.2839|0.2794|0.2809|0.2758|0.2688|0.2706|0.2730
 8230|0.2728|0.2747|0.2793|0.2697|0.2654|0.2669|0.2620|0.2552|0.2571|0.2596
 8235|0.2754|0.2773|0.2822|0.2722|0.2678|0.2694|0.2643|0.2574|0.2594|0.2622
 8240|0.2850|0.2870|0.2923|0.2816|0.2771|0.2788|0.2734|0.2662|0.2684|0.2714
 8245|0.2927|0.2949|0.3005|0.2893|0.2845|0.2864|0.2807|0.2732|0.2756|0.2789
 8250|0.2958|0.2981|0.3039|0.2924|0.2875|0.2894|0.2836|0.2760|0.2785|0.2820
 8255|0.2915|0.2937|0.2996|0.2880|0.2833|0.2851|0.2793|0.2718|0.2744|0.2779
 8260|0.2855|0.2877|0.2936|0.2822|0.2775|0.2793|0.2735|0.2661|0.2687|0.2722
 8265|0.2833|0.2856|0.2915|0.2800|0.2754|0.2771|0.2713|0.2640|0.2666|0.2702
 8270|0.2810|0.2832|0.2892|0.2777|0.2731|0.2748|0.2689|0.2617|0.2643|0.2679
 8275|0.2744|0.2766|0.2825|0.2713|0.2668|0.2683|0.2626|0.2555|0.2580|0.2616
 8280|0.2680|0.2701|0.2759|0.2649|0.2606|0.2620|0.2564|0.2495|0.2519|0.2555
 8285|0.2659|0.2680|0.2737|0.2629|0.2587|0.2599|0.2543|0.2475|0.2499|0.2534
 8290|0.2656|0.2677|0.2733|0.2626|0.2585|0.2595|0.2539|0.2472|0.2495|0.2530
 8295|0.2647|0.2667|0.2722|0.2618|0.2577|0.2586|0.2530|0.2464|0.2486|0.2520
 8300|0.2635|0.2654|0.2708|0.2606|0.2565|0.2573|0.2517|0.2453|0.2473|0.2507
 8305|0.2622|0.2641|0.2692|0.2593|0.2554|0.2559|0.2504|0.2441|0.2460|0.2493
 8310|0.2596|0.2614|0.2664|0.2569|0.2530|0.2533|0.2479|0.2418|0.2435|0.2467
 8315|0.2545|0.2562|0.2609|0.2518|0.2481|0.2483|0.2429|0.2371|0.2386|0.2416
 8320|0.2508|0.2523|0.2568|0.2482|0.2446|0.2445|0.2393|0.2337|0.2350|0.2378
 8325|0.2523|0.2538|0.2580|0.2498|0.2462|0.2459|0.2407|0.2352|0.2364|0.2391
 8330|0.2548|0.2562|0.2602|0.2523|0.2487|0.2483|0.2430|0.2376|0.2387|0.2412
 8335|0.2540|0.2553|0.2590|0.2515|0.2480|0.2473|0.2422|0.2369|0.2378|0.2402
 8340|0.2518|0.2529|0.2564|0.2494|0.2459|0.2451|0.2400|0.2349|0.2357|0.2379
 8345|0.2500|0.2511|0.2543|0.2477|0.2442|0.2433|0.2383|0.2333|0.2340|0.2360
 8350|0.2485|0.2495|0.2525|0.2462|0.2428|0.2417|0.2368|0.2320|0.2325|0.2344
 8355|0.2471|0.2480|0.2507|0.2448|0.2415|0.2403|0.2354|0.2307|0.2311|0.2329
 8360|0.2457|0.2465|0.2490|0.2435|0.2401|0.2388|0.2341|0.2294|0.2298|0.2314
 8365|0.2443|0.2451|0.2474|0.2421|0.2387|0.2374|0.2327|0.2280|0.2285|0.2300
 8370|0.2430|0.2438|0.2459|0.2409|0.2374|0.2361|0.2315|0.2267|0.2273|0.2287
 8375|0.2418|0.2426|0.2446|0.2397|0.2361|0.2349|0.2303|0.2255|0.2262|0.2276
 8380|0.2407|0.2416|0.2436|0.2386|0.2349|0.2339|0.2292|0.2243|0.2252|0.2266
 8385|0.2398|0.2407|0.2427|0.2376|0.2338|0.2329|0.2282|0.2231|0.2243|0.2257
 8390|0.2385|0.2396|0.2417|0.2363|0.2323|0.2318|0.2270|0.2216|0.2232|0.2247
 8395|0.2366|0.2378|0.2400|0.2343|0.2301|0.2299|0.2250|0.2193|0.2214|0.2231
 8400|0.2342|0.2356|0.2382|0.2319|0.2274|0.2278|0.2228|0.2167|0.2193|0.2212
 8405|0.2319|0.2336|0.2365|0.2295|0.2247|0.2256|0.2205|0.2140|0.2172|0.2194
 8410|0.2297|0.2316|0.2351|0.2271|0.2221|0.2236|0.2183|0.2112|0.2152|0.2178
 8415|0.2276|0.2299|0.2340|0.2249|0.2195|0.2218|0.2162|0.2086|0.2134|0.2164
 8420|0.2253|0.2279|0.2328|0.2224|0.2167|0.2197|0.2139|0.2056|0.2113|0.2149
 8425|0.2223|0.2253|0.2311|0.2193|0.2132|0.2171|0.2110|0.2020|0.2086|0.2128
 8430|0.2187|0.2222|0.2291|0.2155|0.2090|0.2139|0.2075|0.1977|0.2055|0.2103
 8435|0.2146|0.2186|0.2266|0.2112|0.2043|0.2101|0.2034|0.1929|0.2018|0.2074
 8440|0.2102|0.2147|0.2240|0.2067|0.1993|0.2062|0.1992|0.1878|0.1978|0.2042
 8445|0.2058|0.2109|0.2215|0.2021|0.1943|0.2022|0.1949|0.1828|0.1939|0.2011
 8450|0.2011|0.2067|0.2188|0.1972|0.1890|0.1980|0.1903|0.1774|0.1896|0.1977
 8455|0.1957|0.2019|0.2154|0.1916|0.1831|0.1931|0.1850|0.1714|0.1847|0.1937
 8460|0.1897|0.1964|0.2116|0.1855|0.1766|0.1876|0.1792|0.1650|0.1793|0.1891
 8465|0.1833|0.1905|0.2072|0.1789|0.1697|0.1817|0.1730|0.1582|0.1734|0.1842
 8470|0.1764|0.1842|0.2024|0.1720|0.1626|0.1755|0.1665|0.1512|0.1671|0.1788
 8475|0.1693|0.1776|0.1973|0.1648|0.1553|0.1689|0.1597|0.1440|0.1606|0.1730
 8480|0.1620|0.1707|0.1917|0.1574|0.1478|0.1621|0.1527|0.1367|0.1539|0.1670
 8485|0.1545|0.1635|0.1858|0.1498|0.1402|0.1550|0.1455|0.1293|0.1469|0.1606
 8490|0.1467|0.1560|0.1794|0.1420|0.1325|0.1477|0.1381|0.1218|0.1397|0.1539
 8495|0.1386|0.1481|0.1725|0.1340|0.1246|0.1401|0.1304|0.1142|0.1322|0.1468
 8500|0.1305|0.1401|0.1652|0.1260|0.1167|0.1323|0.1227|0.1067|0.1247|0.1395
 8505|0.1225|0.1322|0.1579|0.1181|0.1090|0.1247|0.1152|0.0995|0.1173|0.1322
 8510|0.1149|0.1244|0.1505|0.1105|0.1017|0.1172|0.1079|0.0926|0.1100|0.1250
 8515|0.1074|0.1168|0.1430|0.1031|0.0946|0.1099|0.1008|0.0859|0.1030|0.1179
 8520|0.1001|0.1093|0.1354|0.0959|0.0877|0.1026|0.0938|0.0795|0.0961|0.1108
 8525|0.0929|0.1018|0.1276|0.0888|0.0811|0.0955|0.0870|0.0734|0.0893|0.1037
 8530|0.0859|0.0945|0.1198|0.0820|0.0746|0.0885|0.0804|0.0674|0.0826|0.0967
 8535|0.0790|0.0873|0.1119|0.0754|0.0685|0.0817|0.0740|0.0617|0.0761|0.0897
 8540|0.0726|0.0804|0.1042|0.0691|0.0627|0.0752|0.0679|0.0564|0.0699|0.0830
 8545|0.0666|0.0740|0.0968|0.0633|0.0574|0.0691|0.0623|0.0515|0.0641|0.0766
 8550|0.0610|0.0680|0.0897|0.0580|0.0524|0.0634|0.0570|0.0470|0.0587|0.0705
 8555|0.0558|0.0623|0.0829|0.0530|0.0479|0.0581|0.0521|0.0429|0.0538|0.0649
 8560|0.0509|0.0570|0.0763|0.0483|0.0437|0.0531|0.0476|0.0391|0.0491|0.0595
 8565|0.0463|0.0520|0.0700|0.0440|0.0397|0.0484|0.0433|0.0355|0.0447|0.0544
 8570|0.0421|0.0473|0.0641|0.0399|0.0361|0.0440|0.0393|0.0322|0.0407|0.0496
 8575|0.0382|0.0430|0.0586|0.0363|0.0328|0.0401|0.0357|0.0293|0.0370|0.0452
 8580|0.0348|0.0392|0.0535|0.0330|0.0298|0.0364|0.0325|0.0266|0.0336|0.0412
 8585|0.0316|0.0356|0.0488|0.0300|0.0271|0.0332|0.0295|0.0242|0.0306|0.0375
 8590|0.0287|0.0323|0.0444|0.0272|0.0246|0.0301|0.0268|0.0220|0.0278|0.0341
 8595|0.0260|0.0293|0.0404|0.0247|0.0224|0.0273|0.0244|0.0200|0.0252|0.0310
 8600|0.0236|0.0266|0.0366|0.0224|0.0203|0.0248|0.0221|0.0182|0.0229|0.0282
 8605|0.0214|0.0242|0.0333|0.0204|0.0185|0.0225|0.0201|0.0165|0.0208|0.0256
 8610|0.0195|0.0220|0.0302|0.0185|0.0168|0.0205|0.0183|0.0150|0.0189|0.0233
 8615|0.0178|0.0200|0.0275|0.0169|0.0154|0.0187|0.0167|0.0137|0.0173|0.0212
 8620|0.0162|0.0182|0.0250|0.0154|0.0140|0.0170|0.0152|0.0125|0.0157|0.0193
 8625|0.0147|0.0166|0.0227|0.0140|0.0128|0.0155|0.0138|0.0115|0.0143|0.0176
 8630|0.0134|0.0151|0.0206|0.0128|0.0117|0.0141|0.0126|0.0105|0.0131|0.0160
 8635|0.0123|0.0138|0.0188|0.0117|0.0107|0.0129|0.0115|0.0096|0.0120|0.0146
 8640|0.0112|0.0126|0.0171|0.0107|0.0098|0.0118|0.0106|0.0088|0.0109|0.0133
 8645|0.0103|0.0115|0.0156|0.0098|0.0090|0.0108|0.0097|0.0081|0.0100|0.0122
 8650|0.0094|0.0105|0.0143|0.0090|0.0083|0.0099|0.0089|0.0074|0.0092|0.0112
 8655|0.0086|0.0097|0.0130|0.0083|0.0076|0.0091|0.0081|0.0068|0.0084|0.0102
 8660|0.0079|0.0088|0.0119|0.0076|0.0070|0.0083|0.0075|0.0063|0.0077|0.0094
 8665|0.0073|0.0081|0.0109|0.0070|0.0064|0.0076|0.0069|0.0058|0.0071|0.0086
 8670|0.0067|0.0075|0.0100|0.0064|0.0059|0.0070|0.0063|0.0053|0.0066|0.0079
 8675|0.0062|0.0069|0.0092|0.0059|0.0055|0.0065|0.0058|0.0049|0.0061|0.0073
 8680|0.0057|0.0063|0.0084|0.0055|0.0051|0.0060|0.0054|0.0046|0.0056|0.0067
 8685|0.0053|0.0059|0.0077|0.0051|0.0047|0.0055|0.0050|0.0042|0.0052|0.0062
 8690|0.0049|0.0054|0.0071|0.0047|0.0043|0.0051|0.0046|0.0039|0.0048|0.0057
 8695|0.0045|0.0050|0.0066|0.0043|0.0040|0.0047|0.0043|0.0036|0.0044|0.0053
 8700|0.0042|0.0046|0.0061|0.0040|0.0037|0.0044|0.0040|0.0034|0.0041|0.0049
 8705|0.0039|0.0043|0.0056|0.0037|0.0035|0.0041|0.0037|0.0031|0.0038|0.0045
 8710|0.0036|0.0040|0.0052|0.0035|0.0032|0.0038|0.0034|0.0029|0.0035|0.0042
 8715|0.0033|0.0037|0.0048|0.0032|0.0030|0.0035|0.0032|0.0027|0.0033|0.0039
 8720|0.0031|0.0034|0.0044|0.0030|0.0028|0.0033|0.0030|0.0025|0.0031|0.0036
 8725|0.0029|0.0032|0.0041|0.0028|0.0026|0.0030|0.0028|0.0024|0.0029|0.0034
 8730|0.0027|0.0030|0.0038|0.0026|0.0024|0.0028|0.0026|0.0022|0.0027|0.0031
 8735|0.0025|0.0028|0.0035|0.0024|0.0023|0.0026|0.0024|0.0021|0.0025|0.0029
 8740|0.0023|0.0026|0.0033|0.0023|0.0021|0.0025|0.0022|0.0019|0.0023|0.0027
 8745|0.0022|0.0024|0.0030|0.0021|0.0020|0.0023|0.0021|0.0018|0.0022|0.0025
 8750|0.0020|0.0022|0.0028|0.0020|0.0019|0.0021|0.0020|0.0017|0.0020|0.0024
 8755|0.0019|0.0021|0.0026|0.0019|0.0017|0.0020|0.0018|0.0016|0.0019|0.0022
 8760|0.0018|0.0019|0.0025|0.0017|0.0016|0.0019|0.0017|0.0015|0.0018|0.0021
 8765|0.0017|0.0018|0.0023|0.0016|0.0015|0.0018|0.0016|0.0014|0.0017|0.0019
 8770|0.0016|0.0017|0.0021|0.0015|0.0014|0.0016|0.0015|0.0013|0.0016|0.0018
 8775|0.0015|0.0016|0.0020|0.0014|0.0014|0.0015|0.0014|0.0012|0.0015|0.0017
 8780|0.0014|0.0015|0.0019|0.0014|0.0013|0.0015|0.0013|0.0012|0.0014|0.0016
 8785|0.0013|0.0014|0.0018|0.0013|0.0012|0.0014|0.0013|0.0011|0.0013|0.0015
 8790|0.0012|0.0013|0.0017|0.0012|0.0011|0.0013|0.0012|0.0010|0.0012|0.0014
 8795|0.0011|0.0012|0.0015|0.0011|0.0010|0.0012|0.0011|0.0009|0.0011|0.0013
 8800|0.0006|0.0007|0.0008|0.0006|0.0006|0.0007|0.0006|0.0005|0.0006|0.0007
#---------------------------------------------------------------------------
