  540.1012573    1.9917650    0.8387128    1.2205461    1.7933284    2.4309723    2.0203691
  542.1007690    2.5035830    1.1326892    1.6137838    2.2515311    3.0329833    2.5015149
  544.0664673    3.2247753    1.6142648    2.1857047    2.9071498    3.8633785    3.2049913
  546.0849609    4.1191616    2.3355000    2.9181197    3.7196445    4.8785043    4.0944314
  548.0809937    5.1176567    3.3270805    3.8726206    4.6661701    5.9317102    5.0698166
  550.1559448    6.4958911    4.6170244    5.2253680    6.0115905    7.3505325    6.4129114
  552.1486206    8.0918980    6.1997252    6.9681258    7.5797148    8.9365597    7.9694157
  554.0975952   10.0768700    8.3315125    9.1093798    9.5186062   10.9120970    9.9466572
  556.0656128   12.7452641   11.2974529   11.8890715   12.1596689   13.5540123   12.6515617
  557.9999390   16.3672581   15.1199284   15.6061640   15.8702822   17.0631828   16.4648247
  559.9531860   22.1775398   21.4308376   21.7707596   22.0756245   22.4177608   23.0817146
  561.9806519   36.4426422   38.5320320   37.6145287   38.0159302   34.6765366   41.2021675
  563.8867798   89.0407486  111.2492065   98.0054321   96.3075943   79.0625687  107.9927826
  565.9013672  255.5289001  352.5413208  288.7673035  264.0140991  232.9447327  281.2523804
  567.9013672  505.4294739  587.4041138  538.0015259  506.4669800  490.4611816  513.6200562
  569.9569702  620.7258301  644.8078613  641.2207642  624.9295044  610.4702148  629.0258179
  572.0195923  638.5599976  664.2460938  662.5468750  643.8657837  626.4279175  645.3327637
  573.9326172  643.4468994  667.0411987  666.1483154  649.1213379  631.4706421  650.6425781
  575.9990234  650.0619507  675.0134888  672.5302124  657.1212158  636.8665161  660.3488770
  578.0197754  654.4720459  688.4183350  682.0946045  661.6649170  639.2454834  664.9677734
  580.1203003  657.6482544  693.6016235  686.4544067  664.9111938  641.9268799  668.0598145
  582.3369141  664.8078003  696.8975830  692.7529907  672.6835327  649.0754395  675.5777588
  584.3319702  667.0968628  697.6619873  695.2570190  674.4882202  651.8416138  677.0036621
  586.3210449  665.6251221  695.3587036  693.5629272  673.4896240  650.0880737  676.0533447
  588.3290405  662.4664307  695.6005859  691.6779785  670.2550659  646.4271851  672.3209839
  590.3361816  662.9304810  697.3013306  691.5115356  670.1094360  647.4570312  671.8941650
  592.3992310  668.9847412  700.3311768  695.9421387  676.2623291  654.0476685  677.8811035
  594.3444824  671.7277222  702.0527344  698.8290405  678.7185059  657.0781250  679.0471191
  596.3447266  670.8098755  700.8706665  697.2460938  677.5364380  656.5604858  677.1728516
  598.3401489  672.4497681  701.9637451  697.7910156  679.4318848  658.2853394  678.9787598
  600.3400269  676.6966553  707.6976318  702.8994141  683.6705322  662.2197266  683.0333252
  602.3323364  680.1170654  711.7139282  706.9192505  686.5208130  665.9332275  685.7580566
  604.2392578  682.4815063  710.9137573  707.9268188  688.8793335  668.8698120  688.4937134
  606.3015747  682.9796753  710.2219238  708.2210083  689.9310303  669.0427856  689.7595215
  608.1995239  681.5396118  711.7509766  707.5713501  687.8937988  667.6875610  687.3913574
  610.1798706  683.8301392  714.1961060  708.3886719  689.7958984  670.6397095  689.3186646
  612.1600342  687.9077148  717.4890137  712.0110474  694.5377808  674.3265381  693.9215088
  614.1058350  692.1826782  724.2204590  718.1148071  698.2917480  678.4174194  697.0349121
  616.0665283  693.5797729  724.7006836  718.8041992  699.1712646  680.4891968  697.6335449
  618.0231323  694.9707642  723.3361206  719.0192261  701.4381104  681.6343384  699.4252319
  620.0615845  696.7344971  726.3403320  721.7240601  703.1242065  683.1453857  700.5677490
  622.0007324  696.9855957  726.9578857  721.4608765  703.1226196  683.7015381  700.5745850
  624.0269165  698.9008789  729.3364258  723.7338867  705.6488647  684.9816895  702.5395508
  626.0000610  699.4343262  733.0253296  725.9213867  705.4569702  685.4896851  701.4221802
  628.0387573  701.0063477  732.5144043  725.6487427  706.6084595  688.0134888  702.7174683
  630.0596313  704.9371338  733.2781982  728.3867798  711.5506592  691.6211548  707.8029175
  631.9347534  705.1806030  736.3683472  730.4389648  711.2620239  691.6638184  706.8592529
  634.0964966  704.1320190  735.6734009  728.4496460  709.4846191  691.4236450  704.9254761
  636.2151489  708.8863525  738.0142212  731.8618164  715.1561890  695.9095459  710.4813843
  638.2500610  710.5534058  741.2790527  734.8959351  716.8244629  697.1282959  711.5035400
  640.2585449  711.6124878  743.0787354  736.2489624  717.4345703  698.4389038  711.7346191
  642.2196045  713.6797485  744.2305298  738.2102661  719.9506836  700.2245483  714.2646484
  644.1960449  711.3665771  743.2144165  736.7943726  717.4848633  697.7271118  711.2849121
  646.2194824  711.4365845  742.7791138  736.0673828  717.4173584  698.1402588  710.9198608
  648.1945801  713.4718628  743.2775879  737.2760620  720.1188965  699.9287109  713.3775635
  650.2001953  713.0624390  745.2109375  738.1113892  719.3885498  699.3130493  711.9246826
  652.1997681  713.1502075  746.8015747  737.9913940  718.6376343  700.0396729  710.9848022
  654.1405640  715.8458252  747.3885498  739.0641479  721.7188110  702.9567871  714.0427246
  656.1640015  718.9979248  750.2499390  742.5375977  725.2442017  705.7420044  717.2268066
  658.0888062  721.2590942  753.4145508  745.4038696  727.1760254  708.0670776  718.8640137
  660.0596313  720.8742065  752.2583618  744.6550903  727.0597534  707.6019287  718.4810791
  662.0814819  720.0770874  752.5606079  744.9302368  726.5443115  706.2285767  717.4367676
  663.9920044  717.8634033  753.0449219  743.8671875  723.8108521  703.9708252  714.1199951
  666.0000610  719.3945312  754.0739746  744.1835327  725.1263428  706.0089111  715.4449463
  667.8977051  722.6301880  754.9777222  745.9121094  728.7708740  709.4380493  719.0638428
  669.8202515  725.0040283  756.9127808  748.3720703  731.1812744  711.7949829  720.9332886
  671.9190063  726.3217163  758.7954712  750.0723267  732.3876953  713.0718384  721.7486572
  673.9247437  725.3897705  758.1838379  749.4755859  731.5751953  711.9351807  720.7602539
  675.9607544  723.2383423  756.7170410  747.6664429  729.3348999  709.7246704  718.2313232
  677.8524170  723.4960938  757.0644531  747.4655151  729.4153442  710.2326050  718.0618286
  679.9797363  724.3405762  757.2021484  747.5578003  730.4120483  711.1818848  718.8371582
  681.9949341  725.6336670  758.7484131  749.0854492  731.7903442  712.3274536  719.8121338
  684.0200806  726.5487671  760.1094971  750.3161011  732.5460205  713.2680054  720.1603394
  685.9382324  725.4901123  758.0802002  748.6669312  731.4871826  712.4243164  718.7426758
  687.9693604  725.8247070  757.4178467  748.6292114  732.0971680  712.6922607  719.0462646
  690.0046387  724.8188477  756.8687134  747.9714966  731.1457520  711.5230713  717.5137939
  692.1068115  722.9924927  755.5895996  746.2112427  729.0893555  709.8317871  715.0605469
  694.0812988  722.3713989  754.6192627  745.1601562  728.7363281  709.1138916  714.5686035
  695.9992065  721.5498657  754.6431274  744.8403320  728.1465454  707.9119873  713.7037354
  698.0651245  720.2664795  753.8890381  743.5994263  726.0562134  707.2578125  711.2686157
  700.0493774  720.9688721  751.8385620  742.7260132  726.7603760  708.5452881  712.3027344
  702.0203247  730.0335083  762.0607300  759.4671021  737.7656860  714.0770264  739.7875977
  703.9738770  727.4145508  762.7420044  760.1288452  735.1247559  710.4453735  735.2756348
  705.9991455  719.9295654  755.3491821  755.3643188  730.3594360  700.0200806  729.3559570
  707.9506226  703.8656006  748.8168945  750.7609253  717.1849365  678.0756836  713.2282715
  709.9271851  681.8508301  735.2129517  736.2292480  689.3085938  658.5827026  679.4954834
  711.9720459  658.6345825  696.2729492  713.7314453  683.7998657  621.5007935  678.1685181
  713.8201294  552.7436523  682.5180664  703.6027832  602.9335938  464.7520447  583.4426270
  715.8625488  309.7764893  603.8515625  556.6000366  327.2015381  213.9442749  282.2454529
  717.7804565  115.4238739  342.4288940  275.8663025  111.5699692   63.1177826   87.9735794
  719.8287354   36.0082932  122.2532425   93.8821411   32.7205048   18.3986988   25.6944733
  721.7572021   10.8427000   35.4124489   26.8411102    9.8231163    6.0109744    7.9558878
  723.7734985    3.8166804   10.2597885    8.0590267    3.6758749    2.4318554    3.2339182
  725.7139893    1.7978163    3.5395796    3.0573761    1.8950280    1.2828782    1.8340259
  727.7814331    1.1287206    1.7129055    1.6261057    1.2631294    0.8525453    1.2869399
  729.7423706    0.8173698    1.0531573    1.0729872    0.9432686    0.6325818    1.0299170
  731.9194336    0.6539276    0.7156592    0.7977874    0.7748945    0.5132448    0.8558280
  734.0444336    0.5642930    0.5656275    0.6504454    0.6825215    0.4442344    0.7887247
  735.9970093    0.5293359    0.4917829    0.5926590    0.6495801    0.4159993    0.7555225
  738.0031128    0.5326454    0.4770959    0.5964776    0.6543382    0.4193791    0.7702414
  740.1275635    0.5084243    0.4566441    0.5682739    0.6305354    0.3954475    0.7427893
  742.0701294    0.4959255    0.4272725    0.5519063    0.6223773    0.3815221    0.7475260
  744.1873169    0.4822594    0.4328975    0.5369344    0.6076409    0.3675525    0.7234209
  746.1304932    0.5032924    0.4187423    0.5549713    0.6256922    0.3945643    0.7563478
  748.1101685    0.4983268    0.4158589    0.5581120    0.6209235    0.3873621    0.7433666
  750.0780640    0.4872850    0.4065688    0.5376739    0.6119800    0.3766245    0.7328047
