  809.5335693    9.6106815    9.9156275    9.9156275    9.6322927    9.5524807
  811.4849243   11.8014870   11.6519499   11.6519499   11.6480665   12.0068703
  817.3253174    9.2669315    9.1044960    9.1044960    9.2471828    9.3142853
  819.3645020    2.8287804    2.5379553    2.5379553    2.5935435    3.1530232
  821.3416138    2.7305312    2.7700269    2.7700269    2.8149326    2.6398308
  823.1478882    5.4364705    5.6501517    5.6501517    5.4789333    5.3207216
  825.0552368   11.8655424   12.0552282   12.0552282   11.7538548   11.9499664
  827.2185669   15.1328611   15.6304941   15.6304941   14.9243193   15.2331076
  829.3932495   13.2034826   13.8925552   13.8925552   12.9682550   13.2553234
  831.1719360   28.2317696   28.7880993   28.7880993   27.9485168   28.3315697
  833.3982544   32.0028648   32.2925224   32.2925224   31.6312237   32.2684059
  835.2341919   13.6195230   13.3735247   13.3735247   12.7879791   14.4075098
  837.3835449   22.3188210   21.7666225   21.7666225   21.4071579   23.2805309
  839.2555542   16.2006931   13.8344765   13.8344765   14.7311077   18.1526470
  841.3749390   28.1009922   21.7481441   21.7481441   25.1397114   32.5258331
  843.3776245   49.2269135   30.6891270   30.6891270   42.7675858   60.4635811
  845.3693848  137.5504761   90.7249222   90.7249222  125.7823181  162.1535797
  847.4458618  272.3138123  183.1752167  183.1752167  260.4851685  310.6906433
  849.4323730  476.3803711  373.7684021  373.7684021  474.8325806  511.2236938
  851.4040527  665.8809204  605.4161987  605.4161987  674.5372314  679.6104736
  853.4084473  759.1716919  751.7814941  751.7814941  773.1716919  751.2845459
  855.3748169  799.2020264  828.1177368  828.1177368  815.9540405  777.1184692
  857.3898926  799.9439087  845.1576538  845.1576538  814.8090210  773.7923584
  859.2994385  791.3569946  835.3936157  835.3936157  804.2086792  767.0372314
  861.3308105  790.7155762  826.7097778  826.7097778  803.2008667  769.3059082
  863.3358765  810.3294067  842.4853516  842.4853516  823.8563843  789.3812866
  865.2870483  811.1035156  843.1357422  843.1357422  824.3982544  790.4613037
  867.2343140  831.9530029  866.5803223  866.5803223  844.7646484  810.8417358
  869.2732544  812.3236084  847.0422363  847.0422363  824.1181030  791.9325562
  871.1951904  822.6253052  857.6124878  857.6124878  834.3400879  802.1487427
  873.2889404  829.8538208  865.1597290  865.1597290  842.2236328  808.6892090
  875.2758789  805.3057861  839.0966187  839.0966187  817.7176514  784.6086426
  877.2285156  811.9998169  845.9501343  845.9501343  824.5197144  791.2170410
  879.2910156  826.2816772  859.8717651  859.8717651  838.7747192  805.6741333
  881.1951294  828.2467651  860.7473145  860.7473145  839.9253540  808.6751099
  883.2265015  828.9812012  859.9208374  859.9208374  839.9807129  810.4837036
  885.2524414  824.1944580  854.2148438  854.2148438  834.7678223  806.3734741
  887.3223267  829.6690674  859.6107788  859.6107788  840.4597778  811.6872559
  889.9697876  826.2662354  857.5021973  857.5021973  837.5392456  807.4559937
  893.9505615  831.9542236  865.3399048  865.3399048  843.8295898  811.9191895
  895.4060669  814.6369629  847.4801636  847.4801636  826.2147827  794.9671021
  897.5917969  825.3228760  858.2698364  858.2698364  836.9546509  805.5706177
  899.6035156  833.4995728  865.1909180  865.1909180  845.0764160  814.2424316
  901.4478760  815.6608276  846.2122192  846.2122192  826.9051514  797.0223389
  903.4550781  831.5697021  862.1561890  862.1561890  842.8770752  812.9281616
  905.4863892  820.2891235  850.4583130  850.4583130  831.2937622  802.0399170
  907.4555054  832.5891113  863.7128906  863.7128906  843.6136475  814.0289917
  909.3510742  820.9906616  851.6898804  851.6898804  831.6193848  802.8373413
  911.2710571  818.0090332  848.2595825  848.2595825  828.4525146  800.1096191
  913.3143921  817.4995728  847.0478516  847.0478516  827.8265991  799.8802490
  915.2108765  820.8074951  849.1539917  849.1539917  831.0250854  803.6672363
  917.2006836  823.8411865  851.6032715  851.6032715  833.8804321  807.0894165
  919.2554321  825.7910767  852.5709839  852.5709839  835.5521240  809.6625366
  921.1646729  825.6572266  851.5651855  851.5651855  834.9174194  810.3258057
  923.0756836  827.7200317  852.7207031  852.7207031  836.6476440  812.9735718
  925.0957031  820.5666504  845.5817261  845.5817261  829.3827515  805.8778687
  927.1021729  801.0496216  826.1141968  826.1141968  809.7900391  786.3297119
  929.0780029  791.9071045  817.7348022  817.7348022  800.9365234  776.6242676
  931.1034546  779.7599487  806.4815063  806.4815063  789.2516479  763.6950073
  933.1405029  762.9324951  789.9426270  789.9426270  772.7695923  746.4348755
  935.1020508  750.7197876  777.4890747  777.4890747  760.5708618  734.2617188
  937.0878296  728.1227417  753.2826538  753.2826538  737.6243896  712.4747314
  939.2090454  719.6734009  743.5790405  743.5790405  728.7420654  704.8345337
  941.2601929  695.1487427  717.4767456  717.4767456  703.5797119  681.3492432
  943.2675171  678.3854370  699.9439087  699.9439087  686.2582397  665.2447510
  945.2807007  682.3515015  705.0599976  705.0599976  690.2721558  668.8006592
  947.3066406  680.5939331  704.1994629  704.1994629  688.4227905  666.7958374
  949.3336182  683.8146973  708.1394043  708.1394043  691.7187500  669.7026978
  951.2403564  685.3882446  709.2836914  709.2836914  693.1900635  671.5175781
  953.2661133  688.6219482  710.9575195  710.9575195  696.1071167  675.5706177
  955.2872314  692.0481567  711.9198608  711.9198608  698.9366455  680.3466187
  957.1852417  694.9287109  712.2553101  712.2553101  701.0686035  684.6757812
  959.1383667  696.5054932  712.0529785  712.0529785  702.0771484  687.2502441
  961.1484985  696.9464111  711.9161987  711.9161987  702.1981812  688.0021973
  963.9630737  688.4329834  705.3096313  705.3096313  694.1125488  678.3538818
  965.6395264  683.5221558  703.1291504  703.1291504  690.2921753  671.5609741
  975.2811279  672.5326538  691.8746948  691.8746948  679.5004883  660.5714111
  978.0428467  653.0999146  675.2829590  675.2829590  660.4690552  640.0340576
  981.0758057  631.8085327  656.7941284  656.7941284  640.3305054  616.9120483
  983.1383057  616.2354126  642.0870972  642.0870972  625.3658447  600.6628418
  985.0313110  609.7835693  636.8474731  636.8474731  619.4714966  593.5428467
  987.1814575  592.0501709  622.3870850  622.3870850  602.3355103  574.5494385
  989.1255493  571.4955444  610.7610474  610.7610474  583.2383423  550.4232788
  991.0545654  561.6680908  619.4680176  619.4680176  577.6281128  532.1879883
  993.2030640  543.5993652  629.1325684  629.1325684  567.6297607  500.2976990
  995.1309814  493.1470642  596.4570312  596.4570312  521.6605835  442.4430542
  997.0836792  394.3290405  485.0299377  485.0299377  409.9960022  359.4858398
  999.1561279  254.2474670  302.6194458  302.6194458  244.5787659  252.5114441
 1001.0228882  139.2651215  158.3613434  158.3613434  121.2873383  151.2754974
 1003.0389404   64.8682098   73.4263916   73.4263916   54.9584846   71.7498245
 1006.0125732   15.5994959   18.3543186   18.3543186   13.3073959   17.0072441
 1008.9627075    3.0211420    3.9319909    3.9319909    2.8132105    2.9970613
 1010.8442993    0.4959269    0.7442252    0.7442252    0.5004619    0.4274072
 1012.8460083    1.9235840    2.2521546    2.2521546    1.9601444    1.8212810
 1016.8458862    0.1250156    0.2450749    0.2450749    0.1016767    0.0218764
 1022.7963867    0.7390110    0.7831931    0.7831931    0.8018250    0.6772453
 1024.9395752    1.5918893    1.8694267    1.8694267    1.6653233    1.4609996
 1026.8498535    5.3828187    5.6134000    5.6134000    5.4921265    5.2329612
